gene	baseMean	estimate	stderror	statistic	p.value	p.adjusted
CNAG_01980	146.83917275361821	-7.861114541839671	0.4650551484724434	-16.903617920715217	4.2312939429779236e-64	1.7887795143939173e-61
CNAG_06389	562.6076825474652	-6.665505833209834	0.2537711359430651	-26.265815489375733	4.715705503524874e-152	1.5948516012921125e-148
CNAG_03894	419.2978061077707	-6.109687664093461	0.3601421118362434	-16.96465773730881	1.4997093784034277e-64	6.76268949034719e-62
CNAG_04874	1390.6015175554744	-4.167356130545612	0.20313680740431803	-20.515022283731273	1.5809613820830041e-93	2.67340569710236e-90
CNAG_06785	1150.0004959606183	-4.0079958665040465	0.12349155169392174	-32.455628029016985	4.511586166378954e-231	3.0516368829387246e-227
CNAG_00456	2472.1491685555693	-3.938660115479198	0.19267670874394244	-20.44180711387113	7.105876596261083e-93	9.612829859421992e-90
CNAG_06242	583.9848563213405	-3.8095590942977062	0.23318042099454955	-16.337388353830754	5.34957304233959e-60	1.809225602919249e-57
CNAG_05312	196.3515122146836	-3.795210562905245	0.21259880078973528	-17.851514443201346	2.8130356741327255e-71	1.585614441652813e-68
CNAG_00735	114.39587038899299	-3.779729691365706	0.4053269336475421	-9.32513824667873	1.108390022847233e-20	6.145205011916954e-19
CNAG_01551	2313.552835886439	-3.729384081137306	0.3176676880651011	-11.739891154346886	7.958881491293144e-32	9.444539369667864e-30
CNAG_06346	2069.983422202503	-3.644865722025069	0.40321107085870683	-9.039597336111592	1.5724998455452674e-19	7.763787558589919e-18
CNAG_07869	26.60689208284975	-3.5934061269354562	0.3972036729212634	-9.046759564199114	1.4727384847439847e-19	7.324708169711994e-18
CNAG_07759	1.1218456665458287	-3.503397422831421	1.1258911133472864	-3.1116662893055285	0.0018603466569407374	0.0064672508524169225
CNAG_02872	90.2890487142704	-3.436996731109898	0.23555906546053787	-14.590806447590031	3.2137605998327756e-48	8.360721806641882e-46
CNAG_05161	165.4639491396852	-3.426466545145678	0.19091161913178883	-17.94792040803102	4.98212734223472e-72	3.0635553948068766e-69
CNAG_02225	128.71827794362775	-3.4018258538990716	0.4697680565738566	-7.241501005218389	4.43745875683116e-13	1.2937487513450847e-11
CNAG_03644	363.4816566768073	-3.387287410443856	0.16044034405029747	-21.112441702206482	6.1131487239375566e-99	1.3783112656237877e-95
CNAG_02060	8.465399691132665	-3.2903021079631234	0.4931779704065127	-6.671632362757445	2.5297364574502186e-11	5.800385558709586e-10
CNAG_04018	105.24832560797323	-3.2234217855802423	0.2335281472747863	-13.803140320328618	2.43987964127453e-43	5.501115297860307e-41
CNAG_03516	1008.5624827684136	-3.178698814709493	0.2092324678712326	-15.19218717367398	3.984014100604095e-52	1.0779148550594439e-49
CNAG_06917	12317.343616209806	-3.1498500472831163	0.3853635083769923	-8.173711259141045	2.9904501366028946e-16	1.1968878534900579e-14
CNAG_01816	0.6627125197485947	-3.1223183245563884	1.3389137955082988	-2.3319786046203568	0.019701816737171765	0.046660745241677105
CNAG_00165	2585.9360370763247	-3.0135117284558266	0.18487899609938516	-16.299913954724513	9.883116361085235e-60	3.1833047174466915e-57
CNAG_04869	45.57651104116519	-2.9968227131552236	0.46698986577626844	-6.417318517552114	1.3869554443056946e-10	2.825712838940879e-9
CNAG_05870	736.8524324857644	-2.931219472067989	0.1623278176787104	-18.057407005062103	6.89879625414678e-73	4.6663457863048813e-70
CNAG_00302	80.20886332289496	-2.9177400204237642	0.3026552876336262	-9.640472642116139	5.393904621347084e-22	3.409754285868381e-20
CNAG_05229	1970.794246563889	-2.651622835452521	0.14886412291084666	-17.812369989514217	5.665909567780598e-71	2.948016332035997e-68
CNAG_05916	301.2862656581268	-2.64630652517133	0.16019299105796656	-16.519490070659533	2.6563443382789257e-61	9.981951724510363e-59
CNAG_05147	245.9803108371388	-2.639090773356837	0.169610117341921	-15.559748526301838	1.3663467765819743e-54	3.850820665333531e-52
CNAG_00597	187.8159295676436	-2.6376525007719467	0.24166456156523022	-10.914519214932513	9.824775616185246e-28	9.359828488433381e-26
CNAG_02544	2.638548116810826	-2.558272770125678	0.7056831270198473	-3.6252429343598673	2.886899408279247e-4	0.001329270769067449
CNAG_07809	2.6761825648287645	-2.4711193420812525	0.6929080723953681	-3.566301852334678	3.62054328257826e-4	0.0016132644771646475
CNAG_04735	2195.671828565108	-2.4669185682228374	0.3023278888592141	-8.159745293533323	3.357318078723005e-16	1.3358176167342592e-14
CNAG_05264	95.19185648636692	-2.464361744267449	0.3088010724425329	-7.980418347562767	1.4583814912818307e-15	5.390433009306176e-14
CNAG_05159	888.2438252417371	-2.4504368962649603	0.13536453702505585	-18.102502694715284	3.045118150446737e-73	2.288575463291303e-70
CNAG_03848	678.5534093219708	-2.424810432684305	0.11914695252018226	-20.351426380574587	4.509599449781863e-92	5.083821779720753e-89
CNAG_05330	2.6128021708314373	-2.419130207530883	0.7714484874662476	-3.1358285703252804	0.0017136934403554158	0.0060215181457475495
CNAG_06241	1104.7200515057514	-2.3171564976194117	0.1935481663156718	-11.971988894176308	4.98198665173438e-33	6.877175043332927e-31
CNAG_06200	485.1910694606062	-2.3010051387429464	0.133131241537486	-17.283735298863327	6.237447628885647e-67	3.013578268698751e-64
CNAG_00463	1.9983340353239485	-2.2993316503943633	0.794471434386771	-2.894165291379103	0.003801679790962022	0.011672520247874315
CNAG_00674	299.48341411729183	-2.267917663214086	0.22256707535805084	-10.189816528638001	2.2017934908942014e-24	1.6547701302675975e-22
CNAG_06517	377.3741641856258	-2.267790381297055	0.19295496895492406	-11.752951445509705	6.819461435025536e-32	8.236935204734416e-30
CNAG_05160	16.815369509352408	-2.261035375718942	0.297871383154442	-7.590643155360204	3.183214842111722e-14	1.0156257166058343e-12
CNAG_01671	9.15244452335713	-2.2581580501656666	0.4763594450726232	-4.740449829479922	2.132442523591689e-6	1.85635022259642e-5
CNAG_00883	681.2640103167981	-2.159377292093944	0.11167976801864417	-19.335438552607403	2.7035956231998147e-83	2.2858900994154433e-80
CNAG_02118	312.5636675868144	-2.1535652657146196	0.33705453591085466	-6.38936740576665	1.665734016854092e-10	3.3334393165683663e-9
CNAG_02323	187.584945878594	-2.1385268982138026	0.12876305695603552	-16.608233361094985	6.075626281874397e-62	2.4173844806234367e-59
CNAG_02684	2540.1676309533846	-2.106925118518652	0.3138379530943887	-6.713417219761758	1.9011849421274894e-11	4.4651440793577563e-10
CNAG_05313	321.3619691229357	-2.0743969649739045	0.17554345828900042	-11.816999535002818	3.188709163606068e-32	4.147774765890662e-30
CNAG_05040	2.2654901295122936	-2.072692443467282	0.8433134214612111	-2.4577961060739706	0.013979251567994913	0.03490426637353916
CNAG_04877	83.34814839809115	-2.0693744628831654	0.6088761204469283	-3.398678965048259	6.771214618567524e-4	0.0027229783400707927
CNAG_05867	383.2823929872937	-2.04168399706408	0.3321549521957318	-6.1467817461922385	7.907080983646201e-10	1.403766293264643e-8
CNAG_06186	627.9606342621145	-2.023054553179748	0.15873697392669037	-12.744696482081466	3.336869377770535e-37	5.787329351599974e-35
CNAG_00598	58.064928067406825	-1.9822233219942482	0.17908409918863155	-11.06867293620718	1.7801721771812008e-28	1.7971768069333794e-26
CNAG_01983	1004.5286374208679	-1.9619100069028008	0.16638246807640727	-11.791566921593201	4.314384234400652e-32	5.4041657336085206e-30
CNAG_01681	275.02165584072117	-1.9613889938336448	0.1964073400284964	-9.98633245350744	1.7493474098422717e-23	1.2325610291847006e-21
CNAG_06294	162.16311605568026	-1.9578747783601318	0.2576865813598489	-7.597891857729444	3.0099368822031704e-14	9.694863367248688e-13
CNAG_03326	368.03679305245964	-1.957061440984774	0.19825077494609994	-9.871645856198324	5.525050167387556e-23	3.774892861839336e-21
CNAG_00637	411.57452973774065	-1.908702236527591	0.19419638015658075	-9.828722013194078	8.468659518031033e-23	5.658607760626357e-21
CNAG_04357	3.7255957287540875	-1.8969219808355209	0.5190649467077685	-3.6544983298659934	2.5768534070557536e-4	0.0012120887653216355
CNAG_05066	174.5939428052019	-1.8308256963854728	0.1325480364989028	-13.812544830874414	2.1413116776178658e-43	4.994424892209395e-41
CNAG_03735	350.60560739198394	-1.8247080088258125	0.1388421756331606	-13.14231789083263	1.883669822369099e-39	3.981607087032683e-37
CNAG_04096	15.186719548781115	-1.8242695374941211	0.33564295228091473	-5.435149241469273	5.47505874263711e-8	7.05396139718046e-7
CNAG_02339	14.681058921004153	-1.8217391497023283	0.7127918699675682	-2.5557799218237673	0.010595010528237987	0.027733998147446495
CNAG_05396	128.075052627654	-1.788178306602601	0.1666785889898572	-10.728302401884479	7.496058461858433e-27	6.418144232406385e-25
CNAG_01506	70.47575658934481	-1.766673805061584	0.14580155327575978	-12.116975199298526	8.587019360992637e-34	1.2357999778245574e-31
CNAG_01672	34.66537506198455	-1.7256591328676123	0.36618691946690485	-4.712508943191712	2.4468533875431707e-6	2.0870764581767976e-5
CNAG_03658	26.552007151795216	-1.7174094548507302	0.2874477230678344	-5.974684497484925	2.3053590109611056e-9	3.775653353545016e-8
CNAG_03037	3.24393833854205	-1.7117041209890336	0.5792165466395108	-2.955205839543036	0.0031246050502978778	0.009908499090583611
CNAG_05466	13.208060944933331	-1.6916237233642613	0.5209552950526594	-3.2471571734255393	0.0011656399908890073	0.004306056197910019
CNAG_04756	779.5395020929642	-1.6855576170420294	0.21542334431410848	-7.8243962946946	5.100988266766078e-15	1.7970356581461328e-13
CNAG_03007	103.55391474081848	-1.684824216904845	0.5164218930982442	-3.2624957218541546	0.0011043583970164722	0.0041179052907494035
CNAG_00688	384.16715251921346	-1.6778096337436108	0.13542819980150766	-12.388923696857207	3.000432606642006e-35	4.832125274125364e-33
CNAG_00654	371.0147138529124	-1.675089493408099	0.19199704627590458	-8.7245586632669	2.6722073743995154e-18	1.2130745423112968e-16
CNAG_06281	21.482621707649173	-1.6609404612139267	0.42659322808230177	-3.89349936162954	9.880846258190254e-5	5.351004330696468e-4
CNAG_06027	28.765193465340282	-1.6424882196538302	0.29171588534544257	-5.6304380466248425	1.7975250123266628e-8	2.5017405727114294e-7
CNAG_05263	127.38848480346878	-1.6322134467251577	0.13766801374731066	-11.856155996563457	1.9994561337420926e-32	2.651827703653238e-30
CNAG_08010	52.21496916448977	-1.6287067301365723	0.4634678882493676	-3.514173843388803	4.411240183728185e-4	0.0018920500065147396
CNAG_05863	4.133628770983864	-1.6250998366726315	0.521312952298012	-3.1173210439314625	0.0018250270998393175	0.006369702426890167
CNAG_06784	6.224707741415475	-1.6181781866812477	0.41442353168814694	-3.9046484162943824	9.436246798944632e-5	5.146788847427199e-4
CNAG_02381	8.52659004964825	-1.6165528370600402	0.4345428845549289	-3.720122672623576	1.9912603524267734e-4	9.816971591701674e-4
CNAG_03719	268.2546584652704	-1.6131893219362692	0.14975880122565877	-10.771916633503842	4.671731768927005e-27	4.0512299596182386e-25
CNAG_03078	460.61187845760577	-1.611531470519115	0.08101093943855814	-19.892763640166937	4.701148885258073e-88	4.542653008555087e-85
CNAG_00498	23.381183246878905	-1.6064987865105287	0.32733958555044224	-4.907743693171418	9.213014476819435e-7	8.902404274458095e-6
CNAG_01760	44.623254222558046	-1.5900834371534598	0.24366522497225424	-6.5256888312007595	6.768971865643199e-11	1.4397901163273774e-9
CNAG_04736	250.1158323327361	-1.5883993420734845	0.22605986031011022	-7.026454585500094	2.1184748941927203e-12	5.6414819623305354e-11
CNAG_05158	1415.8167357337306	-1.5878118446436307	0.15063779913703013	-10.540593753625222	5.6143305307583e-26	4.688312556796191e-24
CNAG_03113	1807.7629322270068	-1.5851137527029755	0.15160539435322282	-10.455523429528148	1.3823337354007075e-25	1.1131077840774267e-23
CNAG_05632	1437.6545139072018	-1.5681743479552575	0.17250851544265683	-9.090417037856492	9.865989158291025e-20	4.980115721394067e-18
CNAG_05760	10.324242062654394	-1.5639545925484262	0.3007070354658229	-5.200924514871149	1.982996340427652e-7	2.296744391550109e-6
CNAG_00275	76.71937437404087	-1.5623240873758146	0.1828851981922666	-8.542649174556754	1.3117919325229457e-17	5.615797868091902e-16
CNAG_06762	1526.3923488691887	-1.5578296654673796	0.17708935598291162	-8.796856574585451	1.4070195660805927e-18	6.518548181485705e-17
CNAG_01333	3.463244139459203	-1.5571215676811978	0.6399981039467307	-2.4330096574954894	0.014973901500316847	0.036978265698482345
CNAG_03829	334.81456464742814	-1.545536857655628	0.14212136797722494	-10.87476766972368	1.5204264033469423e-27	1.3897519178700969e-25
CNAG_01283	283.8450334466707	-1.542857325556738	0.21494366465974007	-7.177961388157732	7.07585358846598e-13	2.0109694820329363e-11
CNAG_04969	1400.6877515078793	-1.5425336992657699	0.16110013361158662	-9.574999503009897	1.0185779691849759e-21	6.151483378184979e-20
CNAG_03670	427.07037084380244	-1.536639535139694	0.22004272293740823	-6.983369023190989	2.8818411776379424e-12	7.555338653311257e-11
CNAG_00540	37.48209173240921	-1.5209422178693743	0.23710756054738297	-6.414566513012701	1.4122412359153127e-10	2.8685885044237762e-9
CNAG_02344	26.264968775514337	-1.51879262113602	0.3025129529521431	-5.02058707342786	5.151379273156777e-7	5.344160951477368e-6
CNAG_00936	418.9907414189272	-1.5010867975731421	0.12609088969700424	-11.904799793071854	1.1173114270929422e-32	1.5114988985713322e-30
CNAG_02675	37.63885766587899	-1.4985379195851183	0.2619372601126046	-5.720980355910074	1.059111436771526e-8	1.5607472240354253e-7
CNAG_04546	41.0154354622179	-1.4939665050915831	0.17081559678755917	-8.74607783591101	2.208967641362011e-18	1.009557913930584e-16
CNAG_06554	339.88365783969914	-1.4916818889929915	0.21747397061910462	-6.8591284039486355	6.92819454925463e-12	1.7551426191445062e-10
CNAG_06203	15.316227523019807	-1.491430791553862	0.27571675793778555	-5.409285974160475	6.327652013215215e-8	8.075516644790134e-7
CNAG_00110	6.006286810647016	-1.4751406965163627	0.5397152139686867	-2.7331834610872163	0.0062725382920728835	0.017912898196077286
CNAG_05835	1172.7980321501168	-1.474727361252181	0.15364224153826822	-9.598449921630865	8.115568903011732e-22	4.990337096361032e-20
CNAG_08023	54.573553592213365	-1.4629712429796062	0.3012394632686678	-4.856505940839562	1.194751985425675e-6	1.1100690150301188e-5
CNAG_04454	17.343081197077435	-1.4623559919904359	0.27813770300545104	-5.257669047341547	1.4589276576751854e-7	1.746581712657514e-6
CNAG_05974	16.877658525499037	-1.4574044026355262	0.3737963664077953	-3.89892608277942	9.662026179015373e-5	5.245099925751202e-4
CNAG_05731	1239.8393724296475	-1.4469049015811937	0.13340618328339265	-10.845860858694655	2.08662147274786e-27	1.8570931107455954e-25
CNAG_04307	102.64442019017001	-1.4440805354358082	0.41286946741433	-3.497668511260047	4.6934410254138934e-4	0.0019916207713864226
CNAG_03438	2995.3005996258707	-1.4433700509606864	0.2994238401815606	-4.820491414729953	1.4320501998973064e-6	1.3107425645609445e-5
CNAG_00919	327.69046559125815	-1.4406081858288975	0.1109209195653399	-12.987705037734402	1.4367088734811466e-38	2.858205535360728e-36
CNAG_00247	191.90082650670288	-1.439911733369046	0.3969085206680564	-3.627817641570051	2.858270206621722e-4	0.0013169849916613986
CNAG_06016	494.69261436497663	-1.4340144485408612	0.1439317094721798	-9.963158596528991	2.2092981292343996e-23	1.5405868604269565e-21
CNAG_04857	32.38669006601102	-1.4322209558212682	0.3471403008051851	-4.1257697608121555	3.6949678590669504e-5	2.2536305318961994e-4
CNAG_00979	9965.02132088837	-1.4309685871682443	0.5438872987636358	-2.631002030054978	0.008513352746170573	0.023200772753866943
CNAG_02297	552.5884430333618	-1.4301005955722716	0.1757625124640342	-8.136550709952495	4.0669854498983967e-16	1.580982159949009e-14
CNAG_05190	576.4166029633994	-1.4209208072862325	0.19228932985079064	-7.389493782046118	1.473888593072771e-13	4.490712812407308e-12
CNAG_00251	71.20485788894597	-1.4098076367096841	0.17318266162614382	-8.14058187737691	3.9338270141656147e-16	1.5380581458853305e-14
CNAG_05539	317.8308191238991	-1.4089466326701179	0.1491237723965703	-9.448169195473776	3.448086551112556e-21	2.0280745592804636e-19
CNAG_00332	521.0641037525397	-1.4031499434172976	0.16239515995880113	-8.640343368443185	5.60443265022262e-18	2.461583275721156e-16
CNAG_00126	493.52323646536206	-1.3999247666376438	0.21245767913123148	-6.589193538977399	4.422220191900716e-11	9.680225688678462e-10
CNAG_01389	15.71867220042728	-1.399401903389273	0.38354265653058023	-3.648621292994818	2.6365141924036866e-4	0.0012358546082757128
CNAG_02729	42.52717980818344	-1.3815479559014985	0.4445147435595227	-3.1079913004426647	0.001883636127269878	0.006537154830607211
CNAG_07330	107.08300422775889	-1.380429767506066	0.15436620162634235	-8.94256484231907	3.8024057728509744e-19	1.811230468138309e-17
CNAG_05265	681.9349449482095	-1.380401440865892	0.20218007208818517	-6.82758407694998	8.635651835980042e-12	2.1474834198003312e-10
CNAG_00321	25.404212711596927	-1.374193310016606	0.5508829317442302	-2.4945287479965543	0.012612450941037563	0.03213205957257178
CNAG_00264	2505.2090911971204	-1.359613091365024	0.09979789475103125	-13.623665055829994	2.8965846140148886e-42	6.320160751353776e-40
CNAG_04625	1642.3492315522371	-1.3547944801970402	0.1394436050136742	-9.715716113795148	2.5842601385119587e-22	1.6647557692280846e-20
CNAG_01138	1431.902602241522	-1.3485068763020902	0.11173845375499827	-12.068422561662384	1.550784509532679e-33	2.1853138380164665e-31
CNAG_06658	672.9028902394001	-1.3439822921403946	0.20204038482814446	-6.6520477739318595	2.8904284055514472e-11	6.51695257838333e-10
CNAG_05346	61.88685162979805	-1.3372655144948604	0.31528698509895925	-4.241423140492565	2.2210695042516345e-5	1.4417767875967425e-4
CNAG_02170	47.368510474089746	-1.336613921831096	0.22837568746505701	-5.852697967403412	4.836620005932152e-9	7.520666142557488e-8
CNAG_00908	30.17893243658381	-1.3344029498517014	0.21390289877606744	-6.238358420979947	4.421865714160887e-10	8.262292732205591e-9
CNAG_03117	1005.2516913404891	-1.3330194462068576	0.12075123400364333	-11.039385702399011	2.4671405359684137e-28	2.4540792037191692e-26
CNAG_07442	4091.0113985102694	-1.3278721496543928	0.10867043374588205	-12.219258761398946	2.453111738254475e-34	3.687299510567393e-32
CNAG_05742	199.76679448661034	-1.3180905394620877	0.1068397645323817	-12.33707828944711	5.719387633244679e-35	8.996729756108606e-33
CNAG_03320	311.2552907194954	-1.3141403795752415	0.25274628121707926	-5.199444966102389	1.998844972013883e-7	2.3032687207328627e-6
CNAG_03461	284.9610155346775	-1.3036517566133143	0.1003468829355426	-12.991452434558527	1.3680586856035016e-38	2.8041057422491166e-36
CNAG_03384	15.424332482790502	-1.2906466536627377	0.2599367809741721	-4.965232887880454	6.861867695480048e-7	6.8055239138162816e-6
CNAG_05345	3.4780416100333484	-1.2883910004356867	0.517557354652247	-2.4893685479580756	0.01279702319742393	0.0324555923912169
CNAG_01796	805.7184626458695	-1.288380682518693	0.13965919598416998	-9.22517613995664	2.830952305107975e-20	1.4843846040116545e-18
CNAG_02822	244.13345302735715	-1.2878956443440124	0.12806771468890965	-10.056364693259736	8.611984638050416e-24	6.196964265082235e-22
CNAG_06657	223.95295641658558	-1.284482000885875	0.21554392893788066	-5.959258547504997	2.5338493986408663e-9	4.100229026891584e-8
CNAG_07695	441.57060252150865	-1.2716943770727553	0.1631675911909141	-7.793792675316329	6.502721160106624e-15	2.2556105603569845e-13
CNAG_00581	4771.258031362744	-1.2710401738601573	0.11650138409272612	-10.910086465998614	1.0315818370344036e-27	9.691138257917648e-26
CNAG_07937	607.463798226677	-1.2687336342707036	0.12443409965287021	-10.196028562990763	2.0654646736833786e-24	1.5697531519993678e-22
CNAG_06832	33.995374277937024	-1.2666344000471292	0.19838670560781646	-6.384673792361335	1.7176321475903098e-10	3.4170776018531927e-9
CNAG_01742	255.46518407914235	-1.264448697441527	0.12429246583280047	-10.173172516687186	2.612578806999037e-24	1.9419212143452184e-22
CNAG_05803	417.18927996075894	-1.2579980766252565	0.11340967481871407	-11.09251109868865	1.364040822869968e-28	1.3979351705897673e-26
CNAG_05281	143.51493621416	-1.2569995308957658	0.10638881001975946	-11.815147952705786	3.259745578668977e-32	4.160173413984332e-30
CNAG_05154	300.44738121545157	-1.255670331064672	0.16438348958871338	-7.638664528939935	2.1948635489585196e-14	7.206823808327876e-13
CNAG_06424	3796.999631863987	-1.2528544612041705	0.11946793910919278	-10.486951315524673	9.917694361197336e-26	8.082323452908287e-24
CNAG_02194	18.853527711948658	-1.250874606410149	0.24638214356280044	-5.0769694115081565	3.835025831273621e-7	4.110953204870804e-6
CNAG_03727	1052.62874158269	-1.250076537517201	0.12500182686367892	-10.00046614423064	1.5168137132556975e-23	1.0799713638380567e-21
CNAG_04866	184.8028331696855	-1.24207890328528	0.24411626500150402	-5.088062867411262	3.617394639909298e-7	3.902401490326393e-6
CNAG_07799	85.61230866320389	-1.240656522192282	0.24042716783583465	-5.1602176798896995	2.466628708823645e-7	2.7760859544897062e-6
CNAG_04283	833.528416241258	-1.2380035476610574	0.11885479637403219	-10.41610086786149	2.0936121385295523e-25	1.6660226476486932e-23
CNAG_05238	37.83655037946079	-1.2350889681585289	0.1823132150644337	-6.774544389017658	1.2479891444197506e-11	3.0364743067824437e-10
CNAG_02797	614.8191491242009	-1.230519394038142	0.10727451574987888	-11.470752260557571	1.8504362625912898e-30	2.086058480027914e-28
CNAG_02600	84.56238707677973	-1.2283066673824288	0.16338689313013843	-7.517779693650682	5.5714279176880585e-14	1.7527971365228852e-12
CNAG_05813	95.00953048077372	-1.2251906401056145	0.17065763499112752	-7.179231331603254	7.010444071234086e-13	2.0007866539167664e-11
CNAG_05277	3484.9153965652845	-1.2172486082225364	0.09408022529649764	-12.93841085505831	2.732227039297083e-38	5.280223912515849e-36
CNAG_00303	14.809357974679413	-1.214399432999094	0.2534303315306374	-4.791847233377763	1.652527140290943e-6	1.4863954224638216e-5
CNAG_06017	169.86585753025682	-1.214215512235788	0.15624446333941427	-7.7712546498247	7.771248680291586e-15	2.6682602067762583e-13
CNAG_01165	168.96348368939547	-1.2130983059796987	0.11365363891766642	-10.673642459072498	1.3521949936115183e-26	1.1432808670985387e-24
CNAG_01592	72.22926726845432	-1.2072432038597278	0.24558374077247888	-4.915810794567946	8.841575944348189e-7	8.580261074256981e-6
CNAG_06651	8.641003986786437	-1.2038700499599155	0.42876183588156175	-2.8077826644357975	0.004988388005107064	0.01470856864278299
CNAG_04888	109.61197068738953	-1.202421935295019	0.12204243649527119	-9.852490410920382	6.68662284209437e-23	4.522831690392632e-21
CNAG_01193	71.58269729204312	-1.1996188164971555	0.24498595562101877	-4.896684030136433	9.746736865268924e-7	9.391300307219232e-6
CNAG_04623	97.80155802203575	-1.199131559201985	0.15243112273188064	-7.866710798366306	3.640869925817847e-15	1.3169435389428833e-13
CNAG_07807	1745.7136797517726	-1.1959450694112814	0.1597416789415481	-7.486744081667602	7.060318001083692e-14	2.200736910568207e-12
CNAG_01335	110.48078929938514	-1.1920036731364974	0.1556439461364149	-7.6585289869980535	1.8807479457287243e-14	6.235970149465241e-13
CNAG_00374	529.5476262599865	-1.1834073268063272	0.13797265387282207	-8.577115055691738	9.72822965063228e-18	4.245273893992048e-16
CNAG_04861	16.742029818370547	-1.1801126825524386	0.402483258102494	-2.932078934453264	0.0033670115690144307	0.010558398819106913
CNAG_02455	321.5040632838744	-1.1766537219797284	0.22866664971068737	-5.145716366896743	2.6650183152352987e-7	2.979534526322572e-6
CNAG_02531	34.85396409267213	-1.1732926858097703	0.240601005616153	-4.876507821757001	1.0798040844857137e-6	1.0200830764610849e-5
CNAG_05193	468.53765254626677	-1.1657491905221593	0.11070210535684465	-10.530506052837971	6.249758331544087e-26	5.1552884578736834e-24
CNAG_03500	20.207520521453503	-1.1642816378237983	0.3166601228823371	-3.676754834887802	2.362198662731138e-4	0.0011257697163601236
CNAG_05060	168.90217044507347	-1.1601637306579993	0.18848819724415233	-6.155100147492085	7.503006756244815e-10	1.3355352026115772e-8
CNAG_05853	13.622462304866515	-1.1475557408227186	0.35505479697806014	-3.232052490460027	0.001229044772526507	0.0045156213152467645
CNAG_05302	78.55275144838764	-1.1469162956573247	0.23480674617531025	-4.8845116860527495	1.0368549349104674e-6	9.891800817678987e-6
CNAG_02095	37.8270586922007	-1.1462982884308555	0.2688586667502484	-4.263572018289034	2.011846167187096e-5	1.3173405106344158e-4
CNAG_06422	997.9856437849863	-1.1457122053569433	0.1366056981398482	-8.3870015742977	4.9869832455799424e-17	2.0694450719694925e-15
CNAG_06163	33.12758272010704	-1.1455961339048395	0.34852170261138704	-3.287015199688199	0.0010125536830317516	0.003838260849225761
CNAG_06493	597.4767439468106	-1.1449159871488046	0.13949130603189291	-8.207794591062429	2.25288197110584e-16	9.070531936047559e-15
CNAG_05663	732.2454325904549	-1.1435952610833258	0.11188212564173539	-10.221429513641011	1.5897889134139653e-24	1.221969569355916e-22
CNAG_04416	33.361487925403424	-1.140550549814561	0.31623941174093956	-3.606604703492459	3.10229712148253e-4	0.0014140119763954065
CNAG_00053	24.983265914753364	-1.1396052050952963	0.23459545618753572	-4.857746282111685	1.1872941129448389e-6	1.1061787024736763e-5
CNAG_02063	398.83947873659304	-1.1362513475892606	0.1344486883290645	-8.451189533424634	2.8834971066121654e-17	1.2114269831754466e-15
CNAG_05812	749.5830238975861	-1.1357382295900005	0.17419132113603972	-6.52006209140014	7.027829318442976e-11	1.485507422185884e-9
CNAG_00675	260.83841584811506	-1.1353039308144637	0.17276600376725781	-6.571338724393321	4.986487723870881e-11	1.0775911490179757e-9
CNAG_02658	262.2564206874087	-1.13064345943481	0.13074601491703955	-8.647632282729393	5.257893658294285e-18	2.3397626779409567e-16
CNAG_03413	1007.6120143032599	-1.1272453265629332	0.18123713659575416	-6.219725977448163	4.980238764919344e-10	9.203916668282634e-9
CNAG_07440	209.068597700113	-1.1272320309094914	0.35181114207814607	-3.204082804913282	0.0013549350147476166	0.004929951823428122
CNAG_05962	125.46525638644938	-1.1243677384885489	0.11853636383979815	-9.485424574083709	2.4139834441612243e-21	1.4322968435356599e-19
CNAG_00331	196.85655663788677	-1.1236028078662625	0.19893208643485485	-5.648172841308903	1.6216209793239428e-8	2.2899048651664195e-7
CNAG_01982	485.1354143155435	-1.1188434337248594	0.1203877303997757	-9.293666638697127	1.490627487337222e-20	8.066083459479177e-19
CNAG_00128	20.38712038263478	-1.1163694161087916	0.27722895534339637	-4.026886061472091	5.6520403662998075e-5	3.2564225756091905e-4
CNAG_05724	16.695505234351373	-1.1131096816138148	0.2823080606417237	-3.9428901855780127	8.050552353575818e-5	4.4707665122813487e-4
CNAG_06162	35.85292209913642	-1.1090805805086004	0.285729857110748	-3.881570486624799	1.0378406095761437e-4	5.583039355739664e-4
CNAG_03600	44.538076131790156	-1.1050675982208582	0.193978341348032	-5.696860745077557	1.2203352173591349e-8	1.7751284753155244e-7
CNAG_03172	116.36798484489478	-1.1022626279057939	0.2764672255968117	-3.9869558698190426	6.692646800952141e-5	3.8105271853232565e-4
CNAG_04227	183.83147229154466	-1.09986863726246	0.11843590682821913	-9.286614732960357	1.592735191286673e-20	8.550207011002425e-19
CNAG_04398	767.2023897419152	-1.0981741993047691	0.11454066193166869	-9.587636222670906	9.012608696059373e-22	5.492007677490595e-20
CNAG_04768	198.50189162713386	-1.0955558259569282	0.18555081680969904	-5.904343860046332	3.5405301013618524e-9	5.661500143170584e-8
CNAG_06835	264.10457593718263	-1.090740518314252	0.218016682772982	-5.003014009941736	5.644083731354801e-7	5.775579781979406e-6
CNAG_03381	5.210049606100799	-1.0900684387481252	0.4392174869610835	-2.4818420739352525	0.013070518909170463	0.03303773912616929
CNAG_00794	379.5198641457972	-1.0888049073469044	0.11800442238154668	-9.226814430957884	2.7880004844818495e-20	1.4732840060183774e-18
CNAG_04213	86.96769256039252	-1.080954010862893	0.2165302915348664	-4.992160695857348	5.97075447872209e-7	6.0458358224665e-6
CNAG_06150	13429.118164502588	-1.0771747149431283	0.2374590124217025	-4.5362553476394405	5.726184495613448e-6	4.4059336791846886e-5
CNAG_07466	8.268804027442082	-1.0763199486517139	0.3420883032484552	-3.1463219830407176	0.0016533787703717356	0.0058429749230900834
CNAG_01865	167.98982273136053	-1.0730098469359794	0.15994256009387062	-6.708719969883112	1.9633903238742218e-11	4.595284481205964e-10
CNAG_06780	8.729211539495164	-1.0724455981191534	0.3451318232621078	-3.1073506580257964	0.0018877233707908238	0.006541338079944943
CNAG_05752	16.629155191054366	-1.0697021932526107	0.361734307088252	-2.957148858406832	0.003104981787039511	0.009860139346260682
CNAG_06758	147.95627757755437	-1.0663053143315029	0.24019513939474427	-4.439329276264425	9.023966456848036e-6	6.563237539152701e-5
CNAG_00419	204.8481237801161	-1.0619514286923584	0.240302486174177	-4.419227805752415	9.905419225385066e-6	7.14056472324162e-5
CNAG_07663	6.619828858343293	-1.0606865808991086	0.3869085027778476	-2.741440349032924	0.006117046663895757	0.017524652111220205
CNAG_00907	99.84869860857364	-1.0581583503313396	0.16237111989331365	-6.516912311909933	7.176935185354044e-11	1.5122987412378427e-9
CNAG_00879	2813.555982848514	-1.0578328156366128	0.1766143155683768	-5.989507771396195	2.104770748531657e-9	3.4723583763580796e-8
CNAG_06310	225.66085899766153	-1.0571789370986202	0.1311199580799085	-8.06268513641793	7.463658706544007e-16	2.820345669891825e-14
CNAG_01318	472.5968680825829	-1.0568276898716749	0.09026729400712867	-11.707758623939853	1.1631383519541026e-31	1.3334691207826356e-29
CNAG_00539	4039.6456241398746	-1.048838014084835	0.4187953833953233	-2.504416370547191	0.012265359768068588	0.031426252288993844
CNAG_03841	852.4640162285209	-1.048666240280062	0.10576839922271959	-9.91474058401749	3.591883196435756e-23	2.4791324429276992e-21
CNAG_03733	18.35898894742279	-1.0455957231681323	0.24223340980783375	-4.316480224580144	1.585368768966535e-5	1.074492420169303e-4
CNAG_02983	276.611072739345	-1.0443904726726332	0.11393486560117201	-9.166557288341506	4.883666416271904e-20	2.541009203051012e-18
CNAG_04154	37.36087951644775	-1.0415952392760706	0.2095823910634536	-4.9698604639008765	6.700110142327389e-7	6.666495190662806e-6
CNAG_04042	577.1903477686116	-1.0352176684334449	0.11917249607830459	-8.686716335564837	3.730661376243942e-18	1.6822795699276014e-16
CNAG_04949	330.2534320490032	-1.0331498752836705	0.12083368397537904	-8.550181052943682	1.2289558021674017e-17	5.294686016471532e-16
CNAG_06276	132.77543792808086	-1.0281268950613127	0.27844287896170267	-3.692415833707575	2.2213386664061808e-4	0.0010716929200835527
CNAG_06606	1736.272866791957	-1.0229318554272124	0.09293305216081353	-11.00719100086272	3.528333579895239e-28	3.458789613682811e-26
CNAG_03308	95.96369385658723	-1.0215948277363842	0.15855647808514325	-6.443097374979519	1.1705953642143609e-10	2.3921169315848756e-9
CNAG_07779	6.593553280478102	-1.0211729810731869	0.41699776493893836	-2.4488691953126387	0.014330548012752761	0.03562360410079371
CNAG_02678	180.2027598516857	-1.0124938753715975	0.1512134305100499	-6.6957933032562575	2.1450474137254757e-11	4.968870104944903e-10
CNAG_04373	629.8751715147449	-1.0118069489932824	0.10499894542830147	-9.636353440179976	5.61471451644352e-22	3.5164749064096266e-20
CNAG_02851	140.26479287067824	-1.0061489407626363	0.18170374425812602	-5.537304390014737	3.0716244948008685e-8	4.122315095800213e-7
CNAG_01081	209.2730665807069	-1.0044895860681262	0.13053192835970678	-7.695355448209228	1.4110136873963886e-14	4.72480028789563e-13
CNAG_01690	206.4312421577423	-1.0002802125394894	0.16064258321797892	-6.226743821606694	4.762288528797901e-10	8.825238248983288e-9
CNAG_00397	142.42619855268543	-1.0001505481234885	0.2596904000120257	-3.851318909274943	1.1748338898842021e-4	6.20341641778044e-4
