gene	baseMean	estimate	stderror	statistic	p.value	p.adjusted
CNAG_00979	241.60289078559927	-2.5198126301666997	0.29368870162347743	-8.579875957901903	9.497550379190041e-18	6.179106276701041e-14
CNAG_06802	20.652413102390643	-2.211162801965962	0.4383674306682556	-5.044085502874206	4.5569550836694425e-7	6.738079494171226e-5
CNAG_00472	12.585392137646632	-1.9170781265755032	0.5104596466994089	-3.755591923810582	1.7293227249284447e-4	0.00715137520075376
CNAG_05962	42.68207565763261	-1.900332106962961	0.35273737209128037	-5.387385225717446	7.149009894073017e-8	1.4534830740887202e-5
CNAG_06662	13.230970086632736	-1.8030480051988267	0.49300222287336404	-3.657281694776395	2.549041959598716e-4	0.009316891566937779
CNAG_05144	48.33237439431249	-1.7706852413437135	0.3494555390017893	-5.066982902607955	4.0417056945200505e-7	6.260794582987488e-5
CNAG_04681	202.32313226979	-1.7005045504366185	0.23388736005623942	-7.2706132987593834	3.57859017627971e-13	5.820576921718948e-10
CNAG_07791	1038.585284131908	-1.6381076214828307	0.48984629763225207	-3.34412575822432	8.254231157740393e-4	0.021741711705368014
CNAG_02194	35.98877098620561	-1.6059473889606184	0.3388857230443444	-4.738905417831587	2.1487576451077295e-6	2.570434727161899e-4
CNAG_01333	14.869607221085733	-1.5981113777829314	0.40815284047665024	-3.915472880004021	9.022718701238429e-5	0.004223151645342246
CNAG_04829	9.609046980598272	-1.5779322222510137	0.48820952949197693	-3.23207993070718	0.0012289267531590874	0.028352473248414972
CNAG_07826	25.192867089582226	-1.5727003373682682	0.3557934315987695	-4.420262426715658	9.85811111601354e-6	8.55158278943788e-4
CNAG_07756	23.96792760080303	-1.5227969984372944	0.3876158744144405	-3.928623926297491	8.543332165447653e-5	0.004101479586031614
CNAG_06335	24.19073346117975	-1.5209529515648774	0.37882081142635937	-4.014966722229679	5.945418284431786e-5	0.0032504950721439665
CNAG_07475	85.79995407926394	-1.4760266172700602	0.21337533195861907	-6.917512927672039	4.596414533992488e-12	3.826298410396505e-9
CNAG_05258	198.18182327898032	-1.4673627094863384	0.31048062920587677	-4.726100669273458	2.2887221606662606e-6	2.6240836922900783e-4
CNAG_05312	57.864008582522715	-1.4612801658736043	0.33392579448428333	-4.376062556444352	1.2084234641995185e-5	0.0010079491100105215
CNAG_07586	585.1894064086979	-1.4530215359652463	0.47295090676806145	-3.0722460094104833	0.002124545513534388	0.04201304896977121
CNAG_03125	27.371783680171703	-1.4334824510113793	0.30635630341706677	-4.6791348342516965	2.8808795127859246e-6	3.23155208796297e-4
CNAG_06517	13.796655059926026	-1.4272445212163378	0.4339779084540573	-3.2887492506255804	0.0010063363524620724	0.024794187235818124
CNAG_03977	33.02150759070204	-1.409524640294067	0.297098699708334	-4.744297574098497	2.09231086709519e-6	2.568410283268171e-4
CNAG_05699	44.30754896962525	-1.3978361408462479	0.3025749565865535	-4.619801177915357	3.841079412848279e-6	3.9666766126969684e-4
CNAG_06298	301.15980655638316	-1.383762745040386	0.262460146533504	-5.272277575535619	1.347410843937385e-7	2.57831027960489e-5
CNAG_00895	35.08896369474974	-1.3600648341304815	0.37558755714321396	-3.621165846055651	2.9327842802077806e-4	0.010189381229652397
CNAG_03007	487.0917749033659	-1.354900609564068	0.21841549146752107	-6.203317358400584	5.52851936064536e-10	2.569181925739908e-7
CNAG_05565	32.637939662131636	-1.351967656267138	0.30973637125038533	-4.364897964063225	1.2718211046877334e-5	0.0010343085133872993
CNAG_02455	34.12627153237679	-1.2988287093525002	0.3622182372971463	-3.585762878877366	3.360942469717155e-4	0.01098808628541699
CNAG_00647	183.51378681670516	-1.2824674238679616	0.1828255544304406	-7.0147055091026695	2.304337927033876e-12	2.9984045106564794e-9
CNAG_06902	59.57323775124938	-1.277032205018568	0.25879643512698214	-4.934504620946475	8.035444333206157e-7	1.0891375173299845e-4
CNAG_02071	120.58282120774506	-1.2727052180772251	0.1881578648007667	-6.764028808600931	1.3420637982772898e-11	8.731467071592047e-9
CNAG_00407	949.5447021764146	-1.2712309398988364	0.1855354449523304	-6.851687774405875	7.298371557514395e-12	5.27591170590985e-9
CNAG_04171	294.68209908645133	-1.252053965378068	0.24083108530842026	-5.198888522943895	2.004837102129796e-7	3.6231861629045706e-5
CNAG_05752	58.39132158217397	-1.240213037627197	0.3090964851883659	-4.012381560635997	6.010923926738154e-5	0.0032589225889465357
CNAG_01255	154.97334952912593	-1.2321900698409154	0.20970681550733547	-5.875775028388688	4.208695785473742e-9	1.3038940371567697e-6
CNAG_06388	145.70115476838194	-1.2316334844388586	0.298041296113749	-4.132425608459303	3.589549615925062e-5	0.0023830214082865768
CNAG_05411	504.6024156223767	-1.229039019025972	0.15160369210555166	-8.106920101723334	5.191897646479582e-16	1.6889243043998081e-12
CNAG_02323	52.882431330744616	-1.2145122954467724	0.30032323457456556	-4.044017097668905	5.254308497682999e-5	0.0030795452837685615
CNAG_03223	378.5480536494503	-1.2123071065936273	0.2173869399405676	-5.576724650179378	2.4508934383415284e-8	5.694825967803566e-6
CNAG_06336	246.07573683264107	-1.2046244061805236	0.17422457453328047	-6.9142048956498705	4.704947322959121e-12	3.826298410396505e-9
CNAG_00890	50.954351775768046	-1.200315493944188	0.32852269584483507	-3.6536760142474614	2.585124294758549e-4	0.009343788145388401
CNAG_05853	26.73230702991852	-1.1970672245354863	0.3611245271882558	-3.3148322376659007	9.169813890475029e-4	0.02339561143977668
CNAG_03539	30.002386920839896	-1.1968286298891808	0.33302027648756116	-3.5938611381637124	3.2581352575475624e-4	0.010815014278369612
CNAG_07770	260.8327433508161	-1.187315291574218	0.23469672762613575	-5.0589341555097125	4.2160640499900824e-7	6.379002955636157e-5
CNAG_04943	51.64051094134843	-1.1795730660097266	0.2925679387703961	-4.031791969302015	5.535317425534214e-5	0.0031304277926334297
CNAG_04496	65.00204052634307	-1.1783897084339916	0.2608198663925431	-4.518021286999946	6.2420210158843695e-6	5.972145401374074e-4
CNAG_05731	713.9783795291976	-1.177035874360655	0.16928401496890128	-6.953024327647742	3.57537002995886e-12	3.826298410396505e-9
CNAG_02830	34.944687314083986	-1.1600980778539567	0.3031380548078725	-3.826962862149464	1.297340791530314e-4	0.005819551741592052
CNAG_01051	26.649197102806365	-1.1519786856893817	0.3167806842357995	-3.6365180802245267	2.7634825463491606e-4	0.009771313829645457
CNAG_03500	43.79065841947645	-1.1506881591876534	0.3606320213131048	-3.1907542624691474	0.0014190191826091503	0.031945116962128484
CNAG_06163	148.44189400493863	-1.140100506581031	0.3108696650872772	-3.667454996810145	2.449766496855664e-4	0.009149448080431812
CNAG_02775	462.6487642362795	-1.136457974942678	0.19712914991996114	-5.765042741796966	8.163714925531353e-9	2.0428126655964224e-6
CNAG_04752	44.10867048443398	-1.1343801338770465	0.2620616055582631	-4.328677340812691	1.5000751525465605e-5	0.0011901815783497466
CNAG_01526	429.9095999527231	-1.1307341701842002	0.27956461428273194	-4.044625508436685	5.240682740285934e-5	0.0030795452837685615
CNAG_00776	877.1755029100457	-1.1257817989712664	0.18208943227680885	-6.182576247807037	6.306383363302876e-10	2.7352886774432343e-7
CNAG_00110	27.96535368479118	-1.1254287898001794	0.34976446866243427	-3.217676152480647	0.0012923364336417569	0.02971003829425184
CNAG_03453	33.27502693505752	-1.1236798657632057	0.3017551592148507	-3.723813268634595	1.962360933398092e-4	0.007737648625871507
CNAG_04380	276.8053220024659	-1.1220963652764495	0.2515136409439009	-4.461373788973651	8.14359028675631e-6	7.257835398032404e-4
CNAG_02692	26.80868736868468	-1.1031480353172736	0.322379335037448	-3.4218943816269443	6.218646518764315e-4	0.017667473472087615
CNAG_07627	49.60022754524154	-1.0954269257732112	0.26629002473783386	-4.113661136393201	3.894329797075347e-5	0.0025336509659772207
CNAG_02510	245.35419154723476	-1.0943138223920328	0.3007934554558146	-3.6380905320354726	2.7466688294411747e-4	0.009764933007838405
CNAG_02156	793.399818773206	-1.0854378152214825	0.14920911431602732	-7.274607990249896	3.4742785404224034e-13	5.820576921718948e-10
CNAG_00063	20.239276436660955	-1.0797530017819634	0.34582511628196794	-3.122251539710576	0.0017947352387506442	0.0377881794929181
CNAG_07784	890.7356132420372	-1.0794982677150462	0.2647000503854983	-4.078194417201316	4.538680662212489e-5	0.0028122529893670908
CNAG_02024	138.16437099985635	-1.065902042753611	0.2072722523363489	-5.142521638757172	2.7107520847256407e-7	4.522090529032056e-5
CNAG_03184	114.33417388540235	-1.0585852095341464	0.18978617840791417	-5.5777782050012705	2.4360998475675096e-008	5.694825967803566e-6
CNAG_05581	620.4234665924853	-1.0541868549200983	0.17825355269826168	-5.913973881376552	3.3395086344331067e-9	1.0863421587810897e-6
CNAG_04857	152.05123736912373	-1.0441722755494547	0.2250477039087223	-4.639781954731532	3.4877697931748783e-6	3.7819050457326266e-4
CNAG_01907	64.54682416592695	-1.0425746442504338	0.30631438666633826	-3.4036097866538935	6.650168233395721e-4	0.0184897412506293
CNAG_05089	87.19688435004454	-1.0403546646448387	0.23107282953904806	-4.502280370739276	6.722821351070796e-6	6.338938508705305e-4
CNAG_00261	1568.0438518871183	-1.0387483519474194	0.17502164708680154	-5.934970726405373	2.9389793315917584e-9	1.062277751740888e-6
CNAG_02008	915.6790859225187	-1.034717508423262	0.23476872031769103	-4.40739084415962	1.0462329672254274e-5	8.956304848379777e-4
CNAG_00360	1737.3435796362387	-1.0141889193568183	0.214634504195768	-4.725190496080618	2.2989973941059706e-6	2.6240836922900783e-4
CNAG_04626	95.67137358031968	-1.0110960688442991	0.26958030542919165	-3.75063032603424	1.7639059487891987e-4	0.007214738600912697
CNAG_01959	51.82689000382221	-1.0048891283568464	0.24888836581046658	-4.03750944759744	5.4021669873008236e-5	0.0030830261771385226
