gene	baseMean	estimate	stderror	statistic	p.value	p.adjusted
CNAG_07912	1080.592714112303	2.598961915363461	0.1705988730188817	15.234343986995803	2.092165112015915e-52	1.4172326468795807e-49
CNAG_07984	96.93550252863889	2.499050657638869	0.24534412435283076	10.185899761124787	2.2922940921064955e-24	3.6111628325417207e-22
CNAG_01936	352.859995827136	2.342170037777949	0.21824847242355808	10.731667497000688	7.227993933256362e-27	1.3989265972536743e-24
CNAG_00588	3533.462692228936	2.2713584862009597	0.20874380161350023	10.88108230589043	1.4186838937467095e-27	3.1000531278194226e-25
CNAG_01965	39.989345276463645	2.067990764044678	0.332656299181441	6.2165988413065705	5.080464066205983e-10	2.09989626756716e-8
CNAG_02489	67.77560773164072	1.9269863046906888	0.2799810445419555	6.882559881306277	5.8786440199200415e-12	3.185754767275069e-10
CNAG_03077	2.6754390367793714	1.9224373495724028	0.705142111440932	2.7263119283061577	0.0064046440204230315	0.038732795408864394
CNAG_01560	34.54158924906866	1.9014502923178493	0.570971699804062	3.3302005913259136	8.678344043999186e-4	0.008208273621423325
CNAG_06347	5905.373104529062	1.882929035224261	0.43086951132764234	4.370067934076778	1.2420788879562482e-5	2.1797519137346178e-4
CNAG_03087	13.736632804548364	1.8088056275340998	0.3281546846661972	5.512051822066896	3.5467445039553026e-8	1.0491549026110576e-6
CNAG_00269	29.916370727023946	1.7435464424527687	0.33878273727441377	5.146503202849138	2.6538693521402227e-7	6.783890940150139e-6
CNAG_01539	632.59570301892	1.7261823005523866	0.31772273146588775	5.43298332035685	5.541958980470149e-8	1.6043260740899483e-6
CNAG_00765	657.1541878596672	1.6600106994706472	0.12291384197259393	13.505482155872887	1.451602783312767e-41	6.145723283850428e-39
CNAG_00651	49.74336925547059	1.6262568922927987	0.20684884552528013	7.862054478297995	3.778836069806313e-15	2.844203948540885e-13
CNAG_01056	193.32187046739395	1.6025393648996082	0.18780874542029832	8.532826100900017	1.428152806648084e-17	1.240295783619759e-15
CNAG_04025	50.277368634881306	1.5878617297845816	0.2508793547596656	6.329184524990916	2.464602344191129e-10	1.063389571945905e-8
CNAG_07913	8.981917704209122	1.5834279690299622	0.39595067161675	3.9990536259592444	6.359627058309404e-5	9.284507261419806e-4
CNAG_07862	243.0353591836954	1.5328112690471751	0.14607252589561234	10.493494650339425	9.254098434700322e-26	1.6942503458556753e-23
CNAG_02984	47.964210018692306	1.5111774316180384	0.1738052901433622	8.694657282131937	3.4787820749791605e-18	3.4241270962914557e-16
CNAG_01562	423.6636317094181	1.501315355794072	0.4169310637447508	3.6008719098781077	3.1715180668790295e-4	0.0036156646563531517
CNAG_01538	15.19553859887356	1.494974827119223	0.39985378149816064	3.7388037735141437	1.848979759268272e-4	0.0022814187412173543
CNAG_05658	7.212100448590552	1.4536011644698776	0.4094903184432734	3.5497815186349633	3.8555098538694963e-4	0.004253619503275565
CNAG_04142	181.1432860915895	1.4475654772234183	0.18089907524420734	8.002061233697608	1.2235350906249311e-15	9.312614274037396e-14
CNAG_02925	3111.884560154431	1.4463533444668968	0.14951408543444888	9.673692884949078	3.9004386450647186e-22	5.2843142763336803e-20
CNAG_06890	17.23214150726038	1.437244652130471	0.2877075865432402	4.99550487840356	5.868204037899536e-7	1.3947794439554896e-5
CNAG_04622	193.27839939759986	1.4275022890392126	0.18581698998958976	7.682302297110653	1.5625457693783542e-14	1.1141773728177866e-12
CNAG_01541	24.199693265482264	1.422390515695875	0.30745637220176825	4.626316590902956	3.722261863935377e-6	7.351195879387243e-5
CNAG_04657	102.2451201714651	1.4158532062017863	0.20561413073103468	6.8859722878379115	5.73941638135373e-12	3.1353876263943686e-10
CNAG_05662	11889.972892750184	1.404962108030978	0.14472460266620996	9.707831855454153	2.7921302818956447e-22	3.8599776590941017e-20
CNAG_01524	300.7903170983829	1.3669371462367432	0.33675201793503706	4.059180267482286	4.924528653175077e-5	7.396620198804429e-4
CNAG_05914	137.239376171365	1.340086142127896	0.2308677272787296	5.804562456276068	6.453430237470211e-9	2.265053700964933e-7
CNAG_06541	2766.2494549286644	1.3324186045185005	0.1853168669398693	7.1899478256927205	6.481608576143008e-13	3.851440043402871e-11
CNAG_00499	114.5514481483252	1.3307832906080708	0.1440185287704003	9.240361653254041	2.4566547950485613e-20	3.081736959566473e-18
CNAG_04291	412.49087467697393	1.2817920730278891	0.14997929454813003	8.546460208989366	1.2692116190229242e-17	1.116576559384583e-15
CNAG_05002	10.289407419909313	1.2779165063250346	0.3629087136258135	3.5213166792205044	4.2940946299906244e-4	0.004669052491742615
CNAG_06698	332.59021986124907	1.2637199014545686	0.2255704791531609	5.6023283995265665	2.114913747859958e-8	6.663453826978305e-7
CNAG_03346	1285.765850799039	1.2266070385834715	0.1336009434293884	9.181125575148092	4.266085868249909e-20	5.06990625816226e-18
CNAG_06253	11.353456579183833	1.195804435810422	0.3315766918502828	3.6064188623679403	3.10451870953004e-4	0.0035583772822938226
CNAG_07589	19.622764152344587	1.1775819279546849	0.27248898855128206	4.321576200988634	1.5491853073865875e-5	2.670275132884668e-4
CNAG_04758	97.34909717624225	1.1604685905683414	0.26267161714311554	4.417944364107162	9.96440605762927e-6	1.7999703102501512e-4
CNAG_05310	44.90452522610354	1.159996097625363	0.2913349324353126	3.981658114009126	6.843617187648022e-5	9.948210907538134e-4
CNAG_04807	532.4249732550892	1.1496336976466799	0.11694793838270837	9.830303240443115	8.336736600661589e-23	1.2019930615900103e-20
CNAG_06431	46.052899465639086	1.1475177757660837	0.19977171460254126	5.7441454014105275	9.238637806425206e-9	3.144850879433384e-7
CNAG_04837	934.4461510223096	1.147175857820679	0.13754362551812732	8.340450918748605	7.400777624441906e-17	5.9681985271392224e-015
CNAG_00399	847.9987503071596	1.1465312579523956	0.13056902098477247	8.78103587899391	1.6197586350998561e-18	1.714413280338504e-16
CNAG_05075	221.67786640320378	1.13397096179132	0.23820827887546536	4.760417929824165	1.9319248349922167e-6	4.089643385074149e-5
CNAG_02562	35.236650261715376	1.1277673339057184	0.21622979816706914	5.215596293690998	1.8322684388182016e-7	4.874638563375908e-6
CNAG_01675	92.84873301642925	1.1124606892346172	0.22726221662300317	4.895053413476279	9.827903140795247e-7	2.249128914721183e-5
CNAG_03010	66.79907459928656	1.1105480736139037	0.16731622442870447	6.637420115149216	3.1922086040700434e-11	1.5016681308312828e-9
CNAG_05906	31.327288864223583	1.1091950329272509	0.261817001784591	4.2365279006587855	2.270027249964185e-5	3.759697944072711e-4
CNAG_05833	50.194895626801554	1.1069613708052863	0.18476216181663302	5.991277434304372	2.081991126875434e-9	7.923262861491117e-8
CNAG_07491	653.2005842627498	1.1001630342249564	0.1119158912786091	9.83026647651096	8.339780616287347e-23	1.2019930615900103e-20
CNAG_05913	286.30843089236544	1.0972340202240032	0.16769565881112364	6.543007898969065	6.029364437965623e-11	2.778429571617628e-9
CNAG_06540	40.1241791630498	1.0895828607400417	0.23733871054252356	4.590835006431971	4.414762346279933e-6	8.6183285687897e-5
CNAG_02775	18346.64616697392	1.0864713257942473	0.3013896194282417	3.604873080417844	3.123055152367081e-4	0.003573576959820035
CNAG_04471	37.22379568181411	1.0798565004846183	0.18870566063382516	5.72243830342764	1.050059823422884e-8	3.4868162960130467e-7
CNAG_03666	88.8453577596191	1.076816492558255	0.15362022555907642	7.009601038140339	2.3899864609423082e-12	1.3379973790432393e-10
CNAG_07826	30.45033416658987	1.0747521615198292	0.27076451945931984	3.9693242071227206	7.207675878209478e-5	0.001042646979799663
CNAG_00933	251.75816521971998	1.0663168740623636	0.17069069720335314	6.247070821862085	4.182214607021676e-10	1.7596473135381884e-8
CNAG_05653	67.37467615071981	1.066065615691085	0.15575800471411863	6.844371290244526	7.681246263706719e-12	4.002520168488409e-10
CNAG_02147	101.5532591994251	1.065290762212367	0.1513555714046623	7.038332004074165	1.9455468055722324e-12	1.0982611717455253e-10
CNAG_02473	3945.072791092489	1.0646424961460494	0.11675706133850274	9.118442036318745	7.621199380134975e-20	8.875712668700908e-18
CNAG_01533	145.26080501502355	1.0562892672996889	0.2779975062326727	3.7996357651338686	1.449089095929147e-4	0.0018520999124196306
CNAG_04582	72.813461479336	1.047853779109847	0.1810641299513598	5.787196941720801	7.157065087118183e-9	2.473569331639723e-7
CNAG_01119	845.5404826128964	1.0428238729527686	0.30299223111183937	3.4417511931777724	5.779615816497867e-4	0.005887386096384444
CNAG_04345	349.2686411198128	1.0306756736690594	0.16671980393846067	6.182083047851356	6.326122818205518e-10	2.5971609679105562e-8
CNAG_01275	270.8109570409142	1.0305523499935003	0.15780691168907335	6.530463963606332	6.55662625514069e-11	2.9808447149210086e-9
CNAG_01794	105.90423226480878	1.0154798114158148	0.19624837653735486	5.174462226557698	2.2856834359756757e-7	5.8871557396575015e-6
CNAG_01569	50.0110264417673	1.0005323599694378	0.2919269401084624	3.427338222356938	6.095293700963578e-4	0.006107917090285101
CNAG_02765	19.071393023113174	0.9858075749282765	0.30318084445566423	3.2515496706205544	0.0011477771847403424	0.010190095215506
CNAG_06515	21.37096970654054	0.9846051041349795	0.2926926359513998	3.363955847179115	7.68338341619135e-4	0.0074268451481207965
CNAG_05990	104.3848159349837	0.981103519715737	0.1624921800654352	6.03785067884897	1.5618048442592295e-9	6.080267824719552e-8
CNAG_06557	32.70376301479825	0.9787111400835848	0.21113219689900165	4.6355371395664795	3.5601179401883554e-6	7.113934786677262e-5
CNAG_04501	492.50818639899296	0.9657956306220489	0.1110829695150245	8.694362734797258	3.48781768001344e-18	3.4241270962914557e-16
CNAG_04101	1082.9888251024993	0.9621464330803452	0.12466170032410871	7.7180596011353515	1.1811397153767773e-14	8.603269281679882e-13
CNAG_00400	742.6139907350246	0.9614667803146296	0.11411731155802397	8.425249133438998	3.599834711356808e-17	2.9738146749671972e-15
CNAG_01164	976.5990795838669	0.960912716411466	0.16505169717871024	5.821889340350344	5.818607198145826e-9	2.0724048880629627e-7
CNAG_06556	11.421392879716716	0.9601697114040894	0.3155104200522155	3.0432266270165838	0.002340559929454449	0.0178584444205021
CNAG_01995	35.71450261033478	0.9522302769762648	0.19765274756466275	4.817693094120736	1.452275227602893e-6	3.186551319254149e-5
CNAG_04098	196.56846963334183	0.9432758456502562	0.16810936994712597	5.611084295580532	2.010627877093858e-8	6.394363023208354e-7
CNAG_04836	60.24200322163193	0.9409595454995816	0.19076414419441604	4.9325807502934556	8.115021348947391e-7	1.8697671638697153e-5
CNAG_06512	411.45891663299784	0.9277527787761223	0.1821598275360948	5.0930701424401	3.5231128072986954e-7	8.806481976620429e-6
CNAG_05057	527.3940307467016	0.9251551679487309	0.10066803102373073	9.19015856911557	3.922626889645142e-20	4.744977598295748e-18
CNAG_03194	24.959560663681742	0.9201195570655141	0.27892298574944313	3.2988301576982924	9.708863412747807e-4	0.008948005545299814
CNAG_01605	49.83367968316959	0.9171889649327339	0.25571715206150286	3.5867322842393445	3.3484778874830434e-4	0.003774141299469241
CNAG_00791	412.68613499252666	0.9161278700794654	0.12597550482668027	7.27226988564081	3.5349643743117046e-13	2.237929782391354e-11
CNAG_06666	481.84842998109764	0.9058423281379852	0.1457159759343718	6.216492888507726	5.083894122837529e-10	2.09989626756716e-8
CNAG_04346	84.98401313555141	0.9045366861185626	0.17866526880112432	5.062744943033217	4.132625820971412e-7	1.0142901199732009e-5
CNAG_06511	177.61079417570213	0.8936565488089535	0.22883279771418888	3.9052817504120476	9.411566605545318e-5	0.0013091160613134289
CNAG_03136	2140.178367396657	0.8685334212213848	0.11535619047702694	7.529144449290325	5.107385788598342e-14	3.494690033531835e-12
CNAG_06628	992.0419367744889	0.8667408246922089	0.16609093743355335	5.2184715077483315	1.8040572379067093e-7	4.830309774537569e-6
CNAG_06924	63.38754083290412	0.8622553970421893	0.18278455420058906	4.717331838093629	2.3895776568355504e-6	4.9645628916694524e-5
CNAG_00315	180.08493372194022	0.859098623848167	0.21971863184352664	3.90999441713244	9.22982543213454e-5	0.0012891306696346263
CNAG_04392	159.46283914657118	0.8589830159667755	0.2040403140214376	4.209869113789572	2.55518672083479e-5	4.1408695806064273e-4
CNAG_07631	572.3992085092386	0.8528828382403869	0.10076458929063487	8.464112683280241	2.5811018031508435e-17	2.1855479518179767e-15
CNAG_02295	43.30364710340211	0.8507723524266635	0.15944989046384264	5.335672228759463	9.519122375337856e-8	2.6756238576986987e-6
CNAG_03729	35.78188092037865	0.8480196185776305	0.1822788241430941	4.652321094149207	3.282194658639366e-6	6.617138874292579e-5
CNAG_07944	133.1036801087884	0.8478031053541291	0.14397728026650036	5.888450620714982	3.898329847586709e-9	1.419746579975934e-7
CNAG_00094	20.231359489611194	0.8441147799823483	0.2498095721731126	3.3790329675493584	7.274128460004975e-4	0.007079733647711738
CNAG_04531	156.03018022552484	0.8405098511685091	0.1302882000301033	6.451158669582571	1.1099821024841298e-10	4.979482623991718e-9
CNAG_07976	14.082895936665823	0.8386699446947202	0.29000299218006353	2.8919354879414074	0.0038287655640466076	0.026384596063938677
CNAG_06485	76.10848907572637	0.8358436366950366	0.2590733705034145	3.2262815551860062	0.0012540992195510957	0.010868691034700667
CNAG_06659	143.09943949976918	0.8357430532674828	0.1689804358403486	4.945797713867221	7.58326756587841e-7	1.7592141949061765e-5
CNAG_04455	83.64605006069438	0.8330389146032507	0.16589793288052457	5.021394179776694	5.129776284199337e-7	1.2322377499704364e-5
CNAG_01565	398.4009600853861	0.8321272774374867	0.21860656923531788	3.8065062744832145	1.4094371845594592e-4	0.0018116750452003372
CNAG_01841	23.642602072139724	0.8299907473247693	0.2474636685921003	3.353990313191634	7.965515129489443e-4	0.007642832788549786
CNAG_01112	199.44298638909683	0.8232845945541809	0.14802110720768646	5.561940523786524	2.6679122582188316e-8	8.214744380533802e-7
CNAG_01621	14673.936708136931	0.8179365905576846	0.14551727717737667	5.620889879355493	1.8997634310488974e-8	6.070281831096807e-7
CNAG_04631	1280.72558124424	0.8140167542048445	0.15952624682536798	5.102713631167802	3.3481745278648497e-7	8.431425372400184e-6
CNAG_07685	204.80364109928675	0.8112390349021853	0.12409929230978595	6.5370158024520375	6.275842012070352e-11	2.872469850659768e-9
CNAG_00537	75.12239067505139	0.8103348799311277	0.3027352181486525	2.6767116323189986	0.007434859456531937	0.043267816115590496
CNAG_05639	744.0397598862687	0.8056569074329072	0.1268727567631839	6.350117456158986	2.1515059110779778e-10	9.419893318475327e-9
CNAG_00490	77.77593685058014	0.8041932597121962	0.14473806558596156	5.556197372518958	2.7571509547840958e-8	8.413036291760119e-7
CNAG_01252	42.434936072109885	0.8005439412365394	0.21629857251100842	3.7011059848570937	2.1466178592388616e-4	0.0025920123669312027
CNAG_06963	175.61180334410656	0.792552410857001	0.20875295002317268	3.7966046025650106	1.466914808218747e-4	0.0018678347576830436
CNAG_04978	179.2889421497186	0.7897655857172814	0.1665667266788005	4.741436669042723	2.122079947874262e-6	4.478183665701012e-5
CNAG_01384	496.18460445134696	0.7876673217233685	0.1728200365594926	4.55773148417439	5.170908596048241e-6	9.95106103114511e-5
CNAG_07802	15.652723111271209	0.7848079832638178	0.28051736664435395	2.7977162079195423	0.005146530964424465	0.0329203028829191
CNAG_00012	319.09155658394997	0.7758830258967035	0.15897770743611367	4.880451721248388	1.0584312330185416e-6	2.393737346158833e-5
CNAG_06568	1394.5473408498115	0.7697324667222831	0.13033264201955308	5.905907029850622	3.5071172579963568e-9	1.2982083227140612e-7
CNAG_02814	451.17188356451015	0.7694038340820347	0.10469829018514872	7.348771720353972	2.0003648060506043e-13	1.3029299227102686e-11
CNAG_05169	218.58815605169642	0.7630905847540836	0.1310886441077509	5.821179934753512	5.843361878063565e-9	2.0724048880629627e-7
CNAG_03623	185.69962325219	0.7589199217521237	0.2133149827760097	3.557743164009364	3.7405478091243646e-4	0.004174377406755921
CNAG_03393	108.83647269300016	0.7570618105249582	0.12687104571857957	5.967175617076912	2.4139555340093895e-9	9.034328611811936e-8
CNAG_04704	43.1167832508895	0.7527231185070865	0.21188196216507404	3.55255874929387	3.815038178497162e-4	0.0042233891625311805
CNAG_07403	114.28008719741895	0.7525509891462533	0.16550499461988427	4.546998662334263	5.4416343961563466e-6	1.0383558140721997e-4
CNAG_05090	300.8277536322989	0.7522097692497548	0.1375852315627271	5.467227555646563	4.5712904866036214e-8	1.3405160933442828e-6
CNAG_02553	64.26482193819793	0.7481884823931113	0.16496192305149934	4.535522310560934	5.746110326306769e-6	1.0870604860889276e-4
CNAG_01595	181.74609813966467	0.7470006720078048	0.19636974282841824	3.80405179152529	1.4234839798266919e-4	0.0018262652423003808
CNAG_00797	2603.18231706648	0.7467353941333523	0.12437372180027495	6.003964369036849	1.925569754083316e-9	7.411255405772944e-8
CNAG_02052	30.083679525670835	0.7444282290442589	0.2836895978680303	2.6240942023914458	0.008687975215599001	0.04900278443835773
CNAG_07417	31.48519704076291	0.7430747343050327	0.21467322614004258	3.4614224962561755	5.373288117362934e-4	0.005544450572739464
CNAG_00005	781.4954216787211	0.7415939893754429	0.14175949666047785	5.231353149846483	1.6827368463902114e-7	4.541378245994937e-6
CNAG_05678	1014.0620575435482	0.7400606914102414	0.1292295420167359	5.726714494696575	1.0239427606655296e-8	3.4356825705028504e-7
CNAG_02102	16.809029628120168	0.7394351507378916	0.2634440897802718	2.8068010611079752	0.005003613212049891	0.03224973919926352
CNAG_03085	49.57211761497862	0.7377308589513805	0.24568264101797552	3.002779748274539	0.0026752596985429814	0.01982736236097391
CNAG_01554	194.27203126213703	0.7348580507612203	0.19460113639829085	3.776226924272342	1.5922194233920455e-4	0.002001056470140578
CNAG_03394	97.4204063330864	0.7313343468783056	0.2067699482548274	3.5369469937526636	4.0478089589533685e-4	0.004444061246021089
CNAG_03133	47.29587837327441	0.7295686366813134	0.18381874305341261	3.9689567264058656	7.218798841541805e-5	0.001042646979799663
CNAG_00865	37.916372881535644	0.729042139073553	0.19465474307575983	3.745308886667144	1.8017195989659558e-4	0.0022353202497061146
CNAG_06815	120.92500974602918	0.7263817045499251	0.27105473310691475	2.679834055003981	0.007365866603250455	0.04297707180914607
CNAG_06905	169.10316438382364	0.7245506207406245	0.17203639702852602	4.211612387002525	2.5355435075211508e-5	4.1188901007070206e-4
CNAG_06816	162.56083998185784	0.7208217852833044	0.2231396290366047	3.230362031143549	0.0012363355861372712	0.01076470084896385
CNAG_00689	177.02635414891236	0.7196994493076764	0.1858164995452335	3.8731730016928836	1.0742751297287998e-4	0.0014525228999566647
CNAG_05031	870.781800222012	0.7189488556992185	0.18687430580484785	3.8472322484505397	1.194597168596113e-4	0.001596094915201197
CNAG_03836	468.9618545772023	0.7156065986419534	0.09757630221662228	7.333815510381666	2.236909795637491e-13	1.4295119769479588e-11
CNAG_05721	99.10051734304093	0.715207449795858	0.15760153041788721	4.538074268057263	5.67702682958291e-6	1.0772039143864043e-4
CNAG_06578	11820.597532081223	0.7151081593902278	0.15340184449913805	4.661665977518581	3.1365996226085414e-6	6.380578331396473e-5
CNAG_06949	265.77559390914985	0.7141460078785332	0.14904512563920763	4.791475097328985	1.65559572117264e-6	3.5830688227551006e-5
CNAG_05785	198.17954406549032	0.7124547167219584	0.10574406693594972	6.737538448880537	1.6109232192323592e-11	7.850643084230217e-10
CNAG_06484	73.88879057453799	0.7123856516774733	0.24879301650680694	2.8633667523299735	0.004191650745713995	0.028210967284901627
CNAG_05042	58.00782864201423	0.7123843255812312	0.21069198895827526	3.381164747190789	7.217925243196862e-4	0.0070452774636045445
CNAG_04618	167.0711736504481	0.7123368455194001	0.16508752476308022	4.314904148824608	1.5967216831801078e-5	2.7452265690005207e-4
CNAG_05290	444.7808741955727	0.710975514423657	0.16873129349792043	4.213655331412602	2.51270639136012e-5	4.1107832576980257e-4
CNAG_03295	1474.7129457995259	0.7103827569137543	0.09816299279952877	7.236767509365959	4.595048400020043e-13	2.8297143510668883e-11
CNAG_04518	195.41057297334	0.7100764471303423	0.13582221768684982	5.2279844875415495	1.7136788469948204e-7	4.606531948231315e-6
CNAG_06567	222.67373861436081	0.7092690327095359	0.12471079365458655	5.687310712447308	1.2905552271984598e-8	4.223295221759598e-7
CNAG_03243	44.66486571013857	0.7032823755077299	0.20318958909745194	3.461212646925665	5.377478633436415e-4	0.005544450572739464
CNAG_01627	297.84488301183825	0.6954936866116506	0.21646515396861027	3.2129591015489933	0.0013137499571976572	0.01125074868528057
CNAG_05324	84.39296884283745	0.6952987532031157	0.1616145955234545	4.302202724643206	1.691084767318503e-5	2.892779851973621e-4
CNAG_01926	115.76359708732475	0.692957990415532	0.13308062891052214	5.2070537694967465	1.9186251116005556e-7	5.076861916399283e-6
CNAG_05644	40.616343244121396	0.6928974395440329	0.19354340698163952	3.5800622214414393	3.4351240135943015e-4	0.003858960210296484
CNAG_03420	50.40348515763775	0.6892656068198647	0.21445739911346473	3.21399779009345	0.0013090068075997734	0.011224319132507423
CNAG_00867	84.40314167967307	0.6890348506608083	0.13211747369469665	5.2153196045290935	1.835005659375342e-7	4.874638563375908e-6
CNAG_04960	94.59300092313315	0.683670322845529	0.14488719150565504	4.718638795747827	2.3742795355671723e-6	4.948729099671392e-5
CNAG_05828	145.85196572752952	0.6796136901147315	0.18875446865522694	3.600517089511098	3.1758495283881386e-4	0.0036156646563531517
CNAG_02764	56.231795592369494	0.6774973018336435	0.20469782549483237	3.3097435216806788	9.338149525757474e-4	0.008677177625168878
CNAG_03168	854.668956642356	0.6755734532575656	0.18952859013734527	3.5644936353296313	3.645592970237214e-4	0.0040751232310869455
CNAG_03280	94.86906737190283	0.6733182376211474	0.151360781048328	4.448432632005007	8.649916979293141e-6	1.5793675907744404e-4
CNAG_04461	45.93281415483026	0.6706707694420925	0.19161653991665842	3.5000672161901765	4.6514085505784946e-4	0.004915544699160487
CNAG_07690	3433.0611214541445	0.6693632098020375	0.14529503666945556	4.606924125872452	4.0866903371176615e-6	8.000936515501457e-5
CNAG_04927	32.53231437512118	0.6691567117239465	0.21862552312900008	3.0607437875819756	0.002207879376736486	0.01711232825859606
CNAG_07334	2697.752518454975	0.6620305837934276	0.209928779045356	3.1535961234280943	0.00161272107098245	0.013296492998098106
CNAG_04178	227.42215535320602	0.6570674670728329	0.09740652900211044	6.745620378882371	1.5237454074618378e-11	7.534198094997437e-10
CNAG_05890	41.36003638580466	0.6569406288331049	0.18706823417988505	3.5117700859964818	4.4513290573723054e-4	0.00477623603869086
CNAG_07830	185.5562192738551	0.6560084748843237	0.14491614120746094	4.526814400510338	5.987948644081887e-6	1.123611194321626e-4
CNAG_05591	215.03335830965736	0.6551311148003854	0.1470274724165021	4.455841510656716	8.356475244717006e-6	1.5339418135780524e-4
CNAG_03134	83.66866609682731	0.6539890669554645	0.22582562316836843	2.8959914193079452	0.003779627346636543	0.02615239596130331
CNAG_03247	222.00138632286118	0.6512573994382446	0.16219016792731725	4.015393829113577	5.934661066974203e-5	8.701600447550488e-4
CNAG_07701	1358.1113791204177	0.6507484572492039	0.19250458913307178	3.380430877932806	7.237227614229438e-4	0.007053953936516577
CNAG_01758	51.79324963569878	0.6478688206898982	0.1751272736367811	3.6994170424510595	2.1609525916295794e-4	0.002595441995691271
CNAG_07671	199.84934902489547	0.6460119508669979	0.15224957700541927	4.243111630083566	2.2044171060290503e-5	3.6689733356856966e-4
CNAG_06561	36.12715815167482	0.642785859449792	0.17981300363254177	3.5747462445116707	3.5056773655556587e-4	0.00392519974781389
CNAG_06583	127.99164834368781	0.6393131128701651	0.18594443870131275	3.4381943194176943	5.856072966238041e-4	0.005947382049969489
CNAG_05999	319.03156742938216	0.6388830622594346	0.1320559574673204	4.837972284722842	1.3117042628389991e-6	2.932503193554911e-5
CNAG_04009	345.95555646167384	0.6325552714276207	0.16040041468697666	3.943601222366288	8.026708893503095e-5	0.0011398936277691818
CNAG_06870	58.265689423021946	0.6308469985990697	0.16681977099515055	3.7816081081744706	1.5581852659356674e-4	0.0019692438416880993
CNAG_07780	139.81609924350136	0.6287276021203898	0.1788015042823122	3.5163440299007944	4.375336436621885e-4	0.004727760430828219
CNAG_04635	770.5967512242988	0.6260953700455866	0.15779642342266473	3.967741197584449	7.255706441996707e-5	0.0010457479880443764
CNAG_04975	38.582260414134886	0.6254552829183322	0.2204129529071865	2.8376521192096393	0.004544668524117323	0.030064047443721435
CNAG_00096	74.2857467174462	0.6252194888543822	0.170407483077745	3.668967333841427	2.4353219092122991e-4	0.0028941878268428267
CNAG_07390	66.0772685830611	0.6250155054639924	0.1778026661773265	3.515220097097142	4.393896679710929e-4	0.004727760430828219
CNAG_02975	196.6205295422824	0.6249975110446524	0.16330194515680033	3.827250866145766	1.2958243072705113e-4	0.0017077653419164287
CNAG_06574	473.065662838835	0.622461995194769	0.14631427242825115	4.254280767448772	2.0972201954121678e-5	3.525203375613405e-4
CNAG_03806	314.34430017239083	0.6215195328576166	0.12454586878029464	4.9902862210067305	6.028989128445152e-7	1.4230094897591447e-5
CNAG_01576	737.6139158948251	0.6203546640750114	0.11685655571386519	5.308685167771084	1.1041887196455126e-7	3.0654813060978288e-6
CNAG_07449	195.9383092279114	0.6193153427741215	0.13364957263419647	4.633874471631938	3.5888466255586503e-6	7.150249129863029e-5
CNAG_01580	227.90846674575732	0.618038759797071	0.131677073692879	4.693594279278808	2.684461861990069e-6	5.5104680767032515e-5
CNAG_05449	397.40301759799166	0.6167746337462425	0.20861037482273648	2.956586575669295	0.0031106489023030866	0.022536401779894234
CNAG_03046	263.22692214028956	0.6167742562594254	0.15912907901943218	3.875936818462372	1.062152448066741e-4	0.0014415523809937156
CNAG_04219	525.3722211659832	0.6143049260583211	0.16444915247064204	3.7355311160268134	1.873194144623703e-4	0.002302906921176218
CNAG_02035	1488.2235890510892	0.6126983840638434	0.12826895162736626	4.77666946124103	1.7822236692312892e-6	3.784571515790831e-5
CNAG_06601	146.45017880995144	0.6118699468576119	0.16016154942452315	3.8203298423131096	1.3327332392294331e-4	0.0017417493525866295
CNAG_08026	133.53089797305904	0.60964543963904	0.12030181374600285	5.067632986200893	4.027930830116875e-7	9.921892161167895e-6
CNAG_03696	26.565034818281646	0.6090038105785827	0.19430789874586984	3.13422055670049	0.0017231128744737679	0.014063092303235306
CNAG_07961	140.3828413423533	0.6071612201713309	0.1574126397125274	3.8571313033067134	1.1472554176420846e-4	0.0015450314511148073
CNAG_01534	131.32521638140108	0.6054513220852678	0.15566031491326374	3.8895676295055313	1.0042298086554171e-4	0.0013770552072533998
CNAG_06690	564.637031866445	0.6016679927116627	0.1918261631839342	3.1365272740963293	0.0017096153464060714	0.013969764000669153
CNAG_07516	28.46409022881722	0.600935441185222	0.21474463104431502	2.798372365645836	0.0051360863753652595	0.03288454546949363
CNAG_00161	295.199397097222	0.5977476237687576	0.1474473192902974	4.053974169526266	5.0354778959238515e-5	7.52987356887156e-4
CNAG_02096	55.72059197326704	0.5934316280957653	0.20495925450829316	2.8953639079115288	0.0037871920719410785	0.02617799907686619
CNAG_04614	165.2894047348069	0.5934297508681035	0.1579667173967148	3.756675840631508	1.721852986688222e-4	0.002148035383393373
CNAG_02533	224.45248744896983	0.5868584261951705	0.15087231920195898	3.8897687083977064	1.0033980958958614e-4	0.0013770552072533998
CNAG_06545	334.03770398373064	0.5859609424356735	0.08415682533764934	6.962726315836102	3.3374981896535676e-12	1.8493082769446232e-10
CNAG_00840	53.081937410599586	0.5851921326395113	0.19152703525574544	3.0554022405145367	0.002247588616476185	0.01734073495217503
CNAG_08008	57.95893126236293	0.5846321259528552	0.1950889274530521	2.9967468353299864	0.002728772244067585	0.020201861400342976
CNAG_02552	152.49758610862122	0.5822905398533011	0.10933671792054803	5.325663244038801	1.0058533336006211e-7	2.803971391691608e-6
CNAG_00837	223.48530760314011	0.5821081482251339	0.14753653960686472	3.945518512066614	7.962747949719724e-5	0.0011331860212479288
CNAG_01065	100.00169983648549	0.5819830061552813	0.16178917626717587	3.597168979921157	3.2169950418561047e-4	0.0036441345173132533
CNAG_06035	320.03571901149894	0.5798815429186351	0.09650769188356219	6.008656217975557	1.8706731373666602e-9	7.241108475726719e-8
CNAG_01584	99.97816980731153	0.5750510161997046	0.20653545575471619	2.784272628146915	0.005364792006071298	0.03396364584030558
CNAG_07741	181.93377656729677	0.5748506200729027	0.13931823281737635	4.126169335110924	3.6885571728976455e-5	5.695083113343703e-4
CNAG_07341	100.2312989091838	0.5691312657524553	0.18252921888252638	3.1180282764412715	0.0018206533502722318	0.014612684590929027
CNAG_07630	1135.250963550775	0.5664991292997626	0.10332263040350652	5.482817530752072	4.1860472299325195e-8	1.2328819102418647e-6
CNAG_00393	893.4982289629381	0.5661408943198515	0.18546153068148577	3.0526055308588487	0.00226863945462536	0.01746336780185476
CNAG_05102	99.05466059867268	0.565750463041141	0.14940827383019892	3.7866073179060415	1.5271815475985815e-4	0.0019336687483051947
CNAG_01550	220.63632273068177	0.5645807543351249	0.10565112665079687	5.343821426544783	9.100722791057458e-8	2.568679007775968e-6
CNAG_00077	864.206446467192	0.5631035714536281	0.16963569303265416	3.319487552335068	9.018282519214694e-4	0.008414579309250736
CNAG_06692	122.61390517546859	0.5614811979948545	0.16549053578268763	3.392829658441365	6.917464033416842e-4	0.006810886825925245
CNAG_05369	125.93314540706562	0.5590051027737728	0.15098478468313642	3.7023936150051577	2.135749263123564e-4	0.00258349384078554
CNAG_04174	99.52943141923663	0.5542630736703134	0.11977754161687061	4.627437382570604	3.7021811423438372e-6	7.332916683695075e-5
CNAG_07989	270.71778148278395	0.5516342818553444	0.08108933589606772	6.802796887649623	1.0260726772401959e-11	5.187027101212752e-10
CNAG_03004	509.0868369658785	0.5482338323476075	0.15855376398705487	3.4577156578406303	5.447760289997537e-4	0.005600064556568106
CNAG_06055	59.05507079043842	0.5481379119778992	0.15026209171886093	3.647878887533793	2.644142188682e-4	0.0030988800913177503
CNAG_03909	47.53278725018459	0.5413917348500478	0.1732667218145553	3.124614635633789	0.0017803813423972745	0.014443476902274417
CNAG_01086	105.68928704847723	0.5397623321183423	0.15440481156790428	3.4957610882544627	4.727117403520124e-4	0.004980014508778432
CNAG_06942	287.9560233446029	0.537640485364554	0.10956864367086086	4.906882729876635	9.253532225892739e-7	2.124861942311777e-5
CNAG_00452	56.32527712776301	0.5368536923125512	0.15113039229592154	3.552255004151398	3.819445140125269e-4	0.0042233891625311805
CNAG_06448	43.73144137045976	0.5366056069571511	0.19138141186715812	2.8038543645483207	0.0050495708177455394	0.03248413363666504
CNAG_07960	265.0477272339832	0.5326860063921336	0.09553336767161286	5.57591571798445	2.462311273669524e-8	7.616299802665459e-7
CNAG_02757	246.00850521091644	0.5324623977946787	0.12655362444794518	4.207405359723178	2.5831953003345883e-5	4.1762684879394994e-4
CNAG_07873	1395.1990383274745	0.5311473723506281	0.14356687903144846	3.6996511725680112	2.1589600829671743e-4	0.002595441995691271
CNAG_06330	104.83861657496803	0.5306818436280502	0.1610722098670342	3.2946828262065213	9.85328251744951e-4	0.009031953419919211
CNAG_00745	661.9652243105278	0.5260899766894481	0.1094412327666633	4.807054556952135	1.5317020218971209e-6	3.347015966558418e-5
CNAG_01365	155.37140587068646	0.5259330770147861	0.13719606152067004	3.8334415083449658	1.2636285808943347e-4	0.0016731104824613938
CNAG_00454	191.41970200551802	0.5214287193795345	0.19929811094472855	2.616325447882156	0.008888179600500118	0.04996558391185709
CNAG_01598	378.3939350489378	0.5208413099273455	0.16807352435956002	3.098889678859287	0.001942473360669953	0.015425925609822113
CNAG_03859	378.539595119856	0.5200352157094609	0.1620632291004391	3.2088415033811755	0.0013327093628981285	0.011384329412701039
CNAG_05431	2495.0047767605597	0.517983631988395	0.08826565762957896	5.868461708654534	4.3985695279000554e-009	1.58488882882952e-7
CNAG_07881	36.879083023210896	0.5166213714049418	0.16160839171477434	3.1967484232918824	0.0013898608805046468	0.011783376225955542
CNAG_03048	154.37977394513445	0.5162258144163772	0.13759318011233232	3.7518270454605798	1.755505581122906e-4	0.0021819806984452413
CNAG_06137	32.100939368501	0.515475538204363	0.18920195639018628	2.7244725585253	0.00644042821826046	0.0388144668598722
CNAG_04677	60.089999948213375	0.5136132505903577	0.18211235315273397	2.820309779642464	0.004797730889703286	0.03134024016089688
CNAG_06932	412.3583639058665	0.5129942723232604	0.10645054984329803	4.819085228572521	1.442179401407567e-6	3.182189988643276e-5
CNAG_04818	659.8381197976373	0.5111830497423785	0.12220278612630824	4.183071973612959	2.8759629232530132e-5	4.594757745782055e-4
CNAG_03842	98.39777085070901	0.507466938136838	0.14070093178625778	3.6067063074446684	3.101083153629552e-4	0.0035583772822938226
CNAG_04994	351.91905366799904	0.5068462009435234	0.13554437204698072	3.7393378514295423	1.845056156278962e-4	0.0022807318252981183
CNAG_03436	339.8865390686404	0.5060348172320422	0.13837580312266076	3.656960290835506	2.55223900007422e-4	0.0030067594759135246
CNAG_06589	1236.8144985455613	0.5057205406889803	0.10455261808972362	4.836995475856832	1.318164271575819e-6	2.9372515709390125e-5
CNAG_02968	66.04021052525353	0.5053497422582034	0.1889490987310456	2.674528461114967	0.007483442391300301	0.043401403046805
CNAG_06385	363.0508262036255	0.5025770932330621	0.11215735656851818	4.480999807855066	7.429417832444177e-6	1.375051267676963e-4
CNAG_02601	53.67727804889678	0.4996799558561144	0.187529262770751	2.664543914231447	0.007709280008142898	0.04442922346619036
CNAG_06529	209.4629927386543	0.49890436816241723	0.15451227351374544	3.2288979821271906	0.0012426821635329788	0.010806070572236712
CNAG_03026	200.28700943701153	0.4979538751175965	0.14284733053848875	3.485916560291814	4.904539586024372e-4	0.00514293361543794
CNAG_00055	312.64818300470824	0.49775083507424983	0.12241154083019176	4.066208395862981	4.77842097890571e-5	7.225228506943589e-4
CNAG_07510	767.6415064393872	0.4973567701220297	0.16012831450424359	3.105988916837373	0.0018964382356938955	0.015149142227111377
CNAG_03677	4453.509709146414	0.4943956113199151	0.0967828959831187	5.108295286040518	3.2507834841156154e-7	8.24749337880119e-6
CNAG_07561	2655.3815261684485	0.49383065699564044	0.18007919586789198	2.74229710220341	0.006101112959264382	0.037266852286796145
CNAG_05444	101.8621294309848	0.49310405084351183	0.158483484820908	3.111390763528055	0.0018620835275261472	0.014909874486361845
CNAG_06494	190.48937132571382	0.4919105669362237	0.13609198222407937	3.6145448019581257	3.008757856851145e-4	0.003466211857535656
CNAG_02748	3140.3840593834757	0.49187553981399745	0.14619321050312065	3.3645580264720834	7.666636121109548e-4	0.0074268451481207965
CNAG_06505	780.5691897423646	0.49150015031995165	0.17058575771041046	2.8812496243345906	0.00396101796554501	0.02702108328157291
CNAG_04271	109.17212945283251	0.4909577836347956	0.12897414534193496	3.806637232083789	1.4086914062501007e-4	0.0018116750452003372
CNAG_04498	125.54884280536093	0.49051109021150124	0.12123586894288847	4.045923821790481	5.2117180464241514e-5	7.759160010214769e-4
CNAG_00443	54.06272008841853	0.4888447687567969	0.14625881663366283	3.3423268422936543	8.307917227911305e-4	0.007904189789588649
CNAG_05736	76.83103792975153	0.48870273031603667	0.14829201535871606	3.295543115614637	9.823162856310377e-4	0.009016545418515785
CNAG_03961	323.6934563589396	0.4884404919639321	0.11791802017684479	4.142203975536605	3.4398420271045184e-5	5.381406441479447e-4
CNAG_00773	173.52568140465362	0.48783099347696596	0.14030408966151872	3.47695491025137	5.071430970420306e-4	0.005271918813344849
CNAG_06355	98.2683792282198	0.4864793778991249	0.15384796721960217	3.162078685152372	0.0015664723049605765	0.012956389980223377
CNAG_02327	163.95479523134105	0.48551385847675643	0.11300726608237349	4.296306558932721	1.7366737673616167e-5	2.955836206057184e-4
CNAG_02939	148.48075913312414	0.48462106164348967	0.12864439928765747	3.7671368852976226	1.651304687381214e-4	0.002071469991170434
CNAG_04621	212.6033320486664	0.4839371448896468	0.17327287932218435	2.792919161860362	0.005223474381144533	0.033286750195553216
CNAG_04534	103.80338160625382	0.48379320862464154	0.1636808666621919	2.9557102090808476	0.003119500400385056	0.022576384307914924
CNAG_00450	1586.7844573090385	0.48375785313947656	0.1338316563760219	3.614674332209413	3.007254039099992e-4	0.003466211857535656
CNAG_01611	238.80462305425678	0.48358245463495236	0.17840439256243878	2.7105972430903345	0.006716215146827113	0.04011961323157572
CNAG_05741	110.53082953227592	0.48326279898400637	0.1502809026471747	3.215729946196805	0.0013011320911075067	0.0111851126715257
CNAG_01180	313.75813729928535	0.48306291300886217	0.14162627709097309	3.4108282935275396	6.476586359002077e-4	0.006426588175185454
CNAG_02903	349.1079795201684	0.48291314277468084	0.10441610604565935	4.624891322450881	3.747948609782246e-6	7.380408105425853e-5
CNAG_00905	54.98939678818376	0.4820119281681768	0.16431841315502535	2.9334017954118456	0.0033526969941347685	0.02384843346686539
CNAG_01002	48.38149480188889	0.47902173078720084	0.16283756093404914	2.941715216314309	0.003263999459581847	0.023372444333200244
CNAG_03129	529.109050713389	0.4781873012106248	0.138296105960495	3.457706186949483	5.44795179034305e-4	0.005600064556568106
CNAG_01964	81.35946873165645	0.473261186663324	0.17628964318289247	2.6845660250859837	0.007262403733538712	0.04263043578075497
CNAG_07612	155.7950116571404	0.47303126823871494	0.11814354805639075	4.003868819082137	6.231492773991236e-5	9.117091155727134e-4
CNAG_01552	1312.0157345143211	0.4718436419860553	0.15344133061664195	3.075075275284924	0.002104494310747565	0.016442727175321806
CNAG_05822	127.1912660063232	0.47107005790671297	0.13995188992876662	3.365942811822552	7.628252155945352e-4	0.007403120358792811
CNAG_06745	189.86899938859028	0.4700148613448438	0.13385078878269727	3.511483687316171	4.456128102232984e-4	0.00477623603869086
CNAG_00194	992.7040368817263	0.4690760956014901	0.09015250133080435	5.203140109005614	1.9594902362112696e-7	5.1648197899202875e-6
CNAG_04907	229.64293933717272	0.4672597218916077	0.11215839238805839	4.166070072357397	3.098954838915581e-5	4.893314703686281e-4
CNAG_01229	83.6354733354265	0.4653698453780765	0.15024018178169024	3.0975058726585694	0.0019515652951767072	0.01546187521582107
CNAG_06003	60.25260647909299	0.4640304657134362	0.14556712653039716	3.1877421556201284	0.001433883374736792	0.01208100246326745
CNAG_01471	254.59881486181231	0.46210345818288956	0.14267820819809146	3.2387809183958542	0.001200417418764336	0.010505978804534383
CNAG_03693	639.3594275181761	0.4609619952528068	0.10607350293313213	4.345684666823848	1.3884190735471713e-5	2.4115771292842404e-4
CNAG_07488	687.4089951194373	0.45958005244937494	0.10678699713101475	4.303707986895874	1.6796301775096296e-5	2.8804594487215774e-4
CNAG_06152	85.04438465721802	0.45845178872307063	0.1697586002493648	2.700610090149386	0.006921242654461153	0.04119903140713519
CNAG_03104	143.39148393446314	0.4580320365185169	0.13284420136256836	3.4478888187857106	5.649865547204316e-4	0.005790043754426934
CNAG_01557	1134.4069894361262	0.4579788841935511	0.1419955483802642	3.2253045212874083	0.0012583873892863205	0.010868691034700667
CNAG_00777	1254.9966955206355	0.45780493947739886	0.11979928941554817	3.821432845811042	1.3267854505643014e-4	0.0017417493525866295
CNAG_03358	2507.3624956403887	0.4573098216989884	0.13314868795332044	3.434580007722743	5.934728498598759e-4	0.005987801348149511
CNAG_00135	179.06590662266075	0.45639103863108677	0.13995885560396587	3.2608943297058115	0.0011106142098150863	0.009964636632168735
CNAG_04579	185.2804427244114	0.4552714605912025	0.1353729551238046	3.3630902138084853	7.707517182062179e-4	0.0074268451481207965
CNAG_06215	358.8810247611324	0.45486397801962347	0.13898415665559774	3.2727757534750874	0.0010649693328984653	0.009631645208350071
CNAG_04005	381.4654377991752	0.4547255241286709	0.13100238023707297	3.471124137635982	5.182843401182747e-4	0.005368284587096626
CNAG_04937	82.04580562877129	0.4544221657892821	0.1395300914354785	3.2568040421547058	0.001126741887351576	0.010056060006481656
CNAG_00070	1030.647126555569	0.4536998513345067	0.11835891076140974	3.8332547031383544	1.264588968143244e-4	0.0016731104824613938
CNAG_00909	188.95991539387816	0.4529071714077894	0.1291676906754179	3.5063503035436936	4.5429689620682064e-4	0.00482352221771944
CNAG_04574	137.0513059920124	0.45171494836352866	0.1551884137591861	2.910751759242015	0.003605603571975469	0.02515381935794215
CNAG_06527	77.34030818898172	0.45117114524723284	0.1652282972398905	2.730592475889222	0.006322059349749815	0.03830557248229449
CNAG_04188	248.31630540838808	0.44880186794206967	0.1177360638787313	3.811931987163574	1.378848209314953e-4	0.0017921424504697156
CNAG_00181	165.33603902175577	0.4486961971294224	0.16797583919428488	2.6711948532696397	0.007558175798220125	0.04374814627381371
CNAG_05018	151.69560877277468	0.44835887398721697	0.12366846590134827	3.6254907079131873	2.884132676625667e-4	0.0033458289664461864
CNAG_01609	265.4767383262586	0.44816175137315517	0.1345876704398254	3.3298871279113924	8.688119555005202e-4	0.008208273621423325
CNAG_02452	203.8111356093446	0.44727174229241584	0.14136736099896027	3.1638968085122947	0.0015567197990209406	0.01289868070407433
CNAG_03960	184.682674731257	0.4470008273380651	0.1448447331949053	3.086068906189181	0.00202821814051214	0.01595720056193872
CNAG_02947	103.27092935988466	0.44562715977263057	0.13725350934614872	3.2467451061580794	0.0011673288436678312	0.010270902375691135
CNAG_02683	129.07016485071475	0.4451941111511967	0.15288527330259508	2.9119489505706366	0.0035918133169903967	0.02510933272372853
CNAG_05550	495.1738838113829	0.44479075330356743	0.12722522695445604	3.4960892894519513	4.7213068597709183e-4	0.004980014508778432
CNAG_06846	333.6906332403914	0.44436907204076154	0.14226335989613081	3.1235665484437023	0.0017867345517349397	0.014450483920350591
CNAG_00371	60.7227799931369	0.44434263755409575	0.1512306657228547	2.938178149452823	0.0033014725270858383	0.02357545692435809
CNAG_05106	171.91539808092944	0.4437472698507416	0.11197560748368889	3.9628922746892066	7.40471991497636e-5	0.0010604560825380521
CNAG_05015	71.61104109566507	0.44157179922220724	0.1650655446757504	2.675130052668575	0.007470026610361132	0.04339790759741535
CNAG_06781	260.8681761861275	0.44152447491393265	0.12429999169877856	3.5520877264730446	3.821874160956028e-4	0.0042233891625311805
CNAG_03916	545.8958605659782	0.4414831177723114	0.1358260825007262	3.250355967308054	0.0011526063705353114	0.010205268978435164
CNAG_05138	2567.066477663898	0.4406097789484333	0.1110665503302786	3.9670789957749837	7.275888177707547e-5	0.0010464302869594676
CNAG_02046	257.8353430950557	0.43921008938839595	0.12632572619007837	3.4768063690172677	5.074241314291175e-4	0.005271918813344849
CNAG_01844	67.55580696817366	0.4378558129023128	0.14266696743764634	3.0690763304664825	0.002147217220271507	0.01671867752887263
CNAG_07437	295.3246670038295	0.43735495809968633	0.08833485413599268	4.951102963575086	7.379404544145204e-7	1.717803655740193e-5
CNAG_00451	89.23156363837465	0.4369465890446243	0.14898522122618138	2.93281833894971	0.003359003685908757	0.02385103875088671
CNAG_01044	393.4885225173732	0.43509673142020294	0.11867353045302234	3.66633342548479	2.460530674808326e-4	0.002919025357469632
CNAG_00836	100.01618590294746	0.43347729303533966	0.15589331932406347	2.7806021124885287	0.005425819288047982	0.03430830244223152
CNAG_01543	221.87598175998238	0.43211443786359266	0.13559583391614893	3.1867825535909	0.0014386488962885348	0.012106096426656564
CNAG_02284	143.1447563168711	0.4315590140691169	0.13377554475681006	3.225993322274606	0.001255362859199221	0.010868691034700667
CNAG_00308	102.69853740444178	0.42979912797934733	0.1542726391556653	2.7859711892636274	0.005336761477953641	0.033820467952556915
CNAG_01546	158.54480914381938	0.4289439383797644	0.1408454618765481	3.045493498084705	0.0023229880107797996	0.017780701452002667
CNAG_04495	139.7022669769636	0.4273335889247577	0.1276075484810771	3.348811210710837	8.115907652483646e-4	0.0077520381134196445
CNAG_04512	107.40227221330291	0.4266011035012363	0.12150779933317173	3.5108948219159615	4.466010612431192e-4	0.00477926633311357
CNAG_05270	119.32400056295086	0.4248504253581389	0.1445331882864044	2.939466224990919	0.003287781018851238	0.02351787605247971
CNAG_01890	3258.646617281557	0.4232726133141723	0.13126118079927585	3.224659497475033	0.0012612257922703187	0.010869648240253358
CNAG_02397	67.37626841052823	0.4216212311306971	0.13723157159460544	3.0723340571818607	0.002123918880919043	0.01655630207059332
CNAG_00855	195.761136087908	0.4209479359927045	0.10192283315088445	4.130065099049414	3.626605279516436e-5	5.621653126646302e-4
CNAG_01392	120.79607802263247	0.42005339241515555	0.14693205064223686	2.858827536804333	0.00425209888923651	0.028490324308296854
CNAG_06875	160.18641081813445	0.41904045437114396	0.1072538140984159	3.906998160332398	9.344986485117988e-5	0.0013025295977405196
CNAG_07897	72.18883971215968	0.4172190888396571	0.15145268786293678	2.7547816729224133	0.005873131193835011	0.0362336891685231
CNAG_05811	288.2880456352466	0.4159362030356214	0.11332782980496517	3.6702035479849826	2.4235740061913683e-4	0.0028852882808330983
CNAG_04615	61.82368775426954	0.4152786179473824	0.14703411832905186	2.8243690829499757	0.004737379731680536	0.031005807055462756
CNAG_03664	607.7488204068926	0.4144692215715527	0.1264161264098269	3.27861035883895	0.0010431956537951478	0.009459983077387326
CNAG_04747	230.10638112746784	0.41421830670320925	0.11506254612534864	3.5999403859181216	3.182901440876741e-4	0.0036176131477347385
CNAG_02143	91.83449205128372	0.4137954445425596	0.14403437588727508	2.872893654681479	0.0040673100375174355	0.02760717253922155
CNAG_00018	367.89522435561804	0.4135470148521132	0.12727288234400344	3.2492940148424148	0.001156918329434544	0.010217685480560105
CNAG_00528	249.2482866880115	0.4129660484833595	0.12512245598713057	3.300495064817422	9.651441107280228e-4	0.008931538532884736
CNAG_00532	353.86981332521844	0.41270181398923333	0.1286054005183178	3.209055081092419	0.0013317197734815105	0.011384329412701039
CNAG_02319	216.92115094092503	0.412682706532941	0.13705113007324674	3.011158728223426	0.0026025276853783113	0.019480135404146608
CNAG_03988	158.49861716113685	0.4123093566877137	0.15648096306607454	2.6348850915086386	0.008416577074863037	0.04781056128492346
CNAG_03559	250.5752766504812	0.41202924333585367	0.14114048628187195	2.9192845666762777	0.0035083579797093897	0.02457664628185254
CNAG_00758	270.6247984282165	0.41075353458306124	0.0980699119919504	4.188374662932052	2.809594079255742e-5	4.499335766637918e-4
CNAG_02350	236.172709888556	0.4091995898335011	0.08834071224954829	4.6320612480186725	3.6204300574747384e-6	7.192021469012867e-5
CNAG_01969	107.70163930375352	0.40918948367585306	0.13267646019030283	3.0841151707615446	0.00204158544794586	0.016025144640075616
CNAG_03383	270.99145861961404	0.40852586974072486	0.1396133135846112	2.926124015337133	0.0034321409013092757	0.024218044234863578
CNAG_00032	70.31398767947319	0.40840114583687825	0.14137343473805666	2.8888110881197946	0.0038670131426284424	0.026531647523427782
CNAG_00108	672.9044255471731	0.4082996899645806	0.13401303565467818	3.0467162240595624	0.0023135601445013467	0.017748648265970696
CNAG_03391	162.95236961005952	0.40807585576073757	0.11709856069587403	3.484892156963259	4.923354278134011e-4	0.005154683443598113
CNAG_03522	101.73711487010983	0.40801729380735285	0.13569874368096368	3.0067875555769867	0.002640242084730711	0.019675467416904107
CNAG_03139	443.57420051965147	0.40537456477840433	0.08384195388553334	4.834984706246814	1.331558721490781e-6	2.957370091599525e-5
CNAG_04466	213.00570709793706	0.4035654445995308	0.10410142880848143	3.8766561537016218	1.0590185289808412e-4	0.0014415523809937156
CNAG_07724	1118.7789132419446	0.40336115154380625	0.12258565363088918	3.290443372422229	0.0010002963305067022	0.00911979453950525
CNAG_03850	2690.7796648685267	0.4026730622036999	0.12369841414672858	3.255280716259282	0.0011328033728433484	0.010096855325843214
CNAG_04815	1473.8036084178693	0.40169209185663224	0.14893309791672332	2.6971311110525638	0.006993972710429433	0.041486139352407164
CNAG_06328	353.9947943345801	0.4016561303539494	0.13178028132664105	3.0479228478680565	0.0023042908018043287	0.0176975803757625
CNAG_04038	162.25347717631777	0.40106983304105087	0.1272181201306942	3.1526156229082956	0.001618147242682173	0.013318747778771617
CNAG_02866	264.0708491610171	0.40058581574899205	0.11369876149484691	3.523220574105792	4.263363863135751e-4	0.00465806884014219
CNAG_05375	2232.1231411896174	0.400116468034791	0.11898891744408402	3.3626364255546415	7.720196848764886e-4	0.0074284962291950776
CNAG_06914	337.62446920723926	0.4000472461575146	0.13746001321553641	2.910280864954109	0.0036110409107314363	0.025165834495159207
CNAG_03115	409.29957331469035	0.39985913286160113	0.11485870733903472	3.4813131901381675	4.989616968931924e-4	0.0051999485150069
CNAG_02007	1117.3290560173696	0.39884770978402645	0.08782219469492626	4.541536580468411	5.584569332515032e-6	1.0626368724285623e-4
CNAG_05414	65.9194232912707	0.3979789962848973	0.1509147968545035	2.6371105059273123	0.008361558760938156	0.047557681819139434
CNAG_03130	584.157173915608	0.3956310645952077	0.10747409973613144	3.6811758885773807	2.321607749875643e-4	0.002768762481981973
CNAG_07356	4212.367405196557	0.39556516789757973	0.1173958015273982	3.3695001248001315	7.530465707221003e-4	0.007318705122053812
CNAG_00542	182.42688296272854	0.3954883409994742	0.10138725265604089	3.900769876280005	9.588726654090232e-5	0.0013283033610390028
CNAG_03186	927.0110304007051	0.39476616106021617	0.10070155475489201	3.9201595449154545	8.849036616183757e-5	0.0012410636446796848
CNAG_04399	420.8893983778963	0.3947628956026856	0.09370595980782029	4.212783225445821	2.5224312169797053e-5	4.1107832576980257e-4
CNAG_05929	248.9333622582621	0.3938511673056579	0.09857192402654581	3.9955714692105655	6.45383832095985e-5	9.401785115307963e-4
CNAG_05300	78.78829939605022	0.3920785108096934	0.1324259852647583	2.960736973380366	0.003069039177589897	0.02228260599034723
CNAG_00353	197.8094384664067	0.39162005566455416	0.12007660430153559	3.2614184748356174	0.0011085630470622414	0.009959424510344327
CNAG_06028	101.73303799096028	0.3900794387817961	0.1219429670625138	3.198867865678737	0.001379683881059438	0.011711752644481996
CNAG_04253	256.280533727189	0.3887628670032417	0.13593200556974772	2.859980365726044	0.004236672375517879	0.028471447094998128
CNAG_00442	1228.0723862920715	0.3876745199952698	0.116576691664188	3.3254891218907545	8.826354435468851e-4	0.00830412846470361
CNAG_00804	607.0205144335733	0.3869380890096513	0.13660289414425236	2.8325760697357225	0.004617457813043245	0.030456338096937624
CNAG_07457	181.77995665439212	0.3866772691879607	0.1317781464648551	2.9343049630090716	0.003342955746364951	0.023837033921974924
CNAG_01286	106.55167920822784	0.3860830085886928	0.13772643618277353	2.803259993428793	0.005058886937671175	0.032513187965639984
CNAG_02062	132.0533518741367	0.38389413109592024	0.1371612039878538	2.798853611185242	0.005128438185502341	0.032866641692140826
CNAG_01862	72.36132233775766	0.383537378654904	0.13092017779093115	2.9295513123071215	0.003394517627820341	0.024052784948593087
CNAG_00026	278.0096626597815	0.38333583821903194	0.0989124602155975	3.8755060523566245	1.0640333488291376e-4	0.0014415523809937156
CNAG_00178	599.3742588109458	0.3831912692383658	0.12151459878777084	3.153458704230441	0.001613480549813499	0.013296492998098106
CNAG_02361	452.1329133932271	0.3822681226058729	0.13824445348886355	2.7651606481027247	0.00568947686054785	0.03548911837067366
CNAG_06680	251.79781266419607	0.38224883870196613	0.11695025979278593	3.2684736175810114	0.0010812925769360794	0.009753230247889483
CNAG_02109	429.188653020582	0.3799369300379066	0.09413268865341973	4.036184830933371	5.432742239349264e-5	8.070481563454367e-4
CNAG_01547	549.9939023838613	0.3793541699652569	0.10791569614982359	3.5152826094786493	4.392862444377854e-4	0.004727760430828219
CNAG_07549	404.4023414701102	0.37913135738984954	0.12264090021683761	3.0913941166406884	0.0019921901887613425	0.01572855051126962
CNAG_02840	156.68424166988487	0.3758377717914109	0.10258308922616319	3.6637400435739247	2.485590554575563e-4	0.0029435997231984025
CNAG_05240	365.94759478960486	0.37360681726380335	0.09265032278744528	4.0324394564810895	5.520083886209946e-5	8.182286268093255e-4
CNAG_05536	64.29582221641716	0.37316450136483303	0.1383420532523518	2.6974046762493695	0.0069882289070827275	0.041486139352407164
CNAG_06667	144.8747844873371	0.3718982822831499	0.12208802902191067	3.046148629497547	0.0023179322331983655	0.017762073470232724
CNAG_06056	106.21969395167085	0.3718846764793282	0.12524615917538567	2.9692301858020875	0.0029854686568241678	0.02174576847454507
CNAG_04961	770.6982565057345	0.37120889597648293	0.12245554822774508	3.0313767023940947	0.002434413222932943	0.018404816040343476
CNAG_01721	2010.01069594668	0.36962760528353605	0.12974578969619419	2.8488601144517776	0.004387616719516245	0.029282478480791175
CNAG_07518	206.10671298111305	0.36895983854030384	0.13224840486481818	2.7899001044091807	0.0052724306445628335	0.03350416996835707
CNAG_01331	316.0575099641064	0.36876237308869947	0.11148022617868628	3.307872487607157	9.400760246615407e-4	0.008723390398708598
CNAG_03876	933.4689044511372	0.3686417546011661	0.07537761866247442	4.890599638758404	1.0052925447571236e-6	2.292879359658167e-5
CNAG_07977	502.2724883031981	0.3648966353459835	0.1004899839657324	3.631174182199244	2.8213468132979534e-4	0.0032838150022818447
CNAG_04394	116.68875818560032	0.36390307436050656	0.11163194790614858	3.259847034707733	0.0011147231557065349	0.00997558902241283
CNAG_07420	241.69971279695486	0.36215285953779974	0.08701900182989179	4.16176756710851	3.157936951098255e-5	4.963309723141434e-4
CNAG_04983	382.894978566196	0.36214243211042285	0.11225981616225814	3.2259310988625645	0.0012556358066160142	0.010868691034700667
CNAG_07571	1669.1955487444347	0.36194859952475134	0.12888193845518106	2.8083733365836956	0.004979246556707215	0.032123253500128256
CNAG_00756	254.17740605249114	0.36157257432458606	0.12349465653667864	2.927839831006752	0.0034132582828258168	0.024135085185659794
CNAG_00730	937.2997487581223	0.3599075452608511	0.1047855729945077	3.434705131399296	5.93198917338518e-4	0.005987801348149511
CNAG_02446	157.50390413913024	0.35925016264635257	0.11844358572005585	3.033090905365265	0.0024206266899940284	0.01834152706713596
CNAG_00877	391.11245884397147	0.3588840506452974	0.11052209879075117	3.2471700643756676	0.001165587193926163	0.010270902375691135
CNAG_00748	198.4268127987656	0.3585550137001595	0.08588759627005374	4.174700763225064	2.983779888828659e-5	4.742570927830475e-4
CNAG_05364	94.25172309563962	0.35635003963952255	0.11982619875763767	2.9738908797422647	0.0029404962390008906	0.021441250293855796
CNAG_07887	839.6543257856832	0.35488910968685167	0.1302234829434576	2.725231284444625	0.006425645772064073	0.038759861495959065
CNAG_05476	148.2548027265288	0.35275020259845574	0.12588686988240794	2.8021206892185253	0.005076787738602522	0.03256643952774004
CNAG_06986	239.7375422868289	0.3513859033610044	0.11915486414838067	2.948984969035188	0.0031881948183826317	0.022950936981640753
CNAG_01962	241.66287733718974	0.3485875109448922	0.10518364060990218	3.3140848607599493	9.194359815480848e-4	0.008555301289844405
CNAG_04530	297.54385923750107	0.347757881891621	0.1257691664680187	2.765048792623197	0.005691428196555748	0.03548911837067366
CNAG_03242	158.9927221985281	0.3472563626479688	0.1293802378283137	2.6839984875338887	0.007274743536281041	0.04264428374280071
CNAG_07405	129.268901529969	0.3466986069657775	0.10307938452506799	3.3634136307969853	7.69849212780986e-4	0.0074268451481207965
CNAG_03335	1201.0325319098333	0.3454777288343312	0.10488308879904924	3.2939316794554867	9.879650879231385e-4	0.009043885818366676
CNAG_03575	182.96100849541125	0.3452972258180051	0.09975246789390119	3.4615406827354933	5.37092937150941e-4	0.005544450572739464
CNAG_07453	601.6406439549198	0.34478417480955764	0.10799244916153737	3.1926692790698934	0.0014096429353150997	0.011916762980756036
CNAG_05413	284.94580177259036	0.3442635676480742	0.11736880037849733	2.9331778678650053	0.0033551161933750686	0.02384843346686539
CNAG_00109	829.771358441304	0.3413262073599072	0.09604334630292105	3.553876666097859	3.795971845056156e-4	0.004222317451298917
CNAG_05311	905.6198285412913	0.3402807446849249	0.12432038498325673	2.737127501099304	0.00619782664814522	0.03768768196996025
CNAG_01625	240.15118743204835	0.3392736391243034	0.09601415247657924	3.533579481494278	4.0997280020606036e-4	0.004493779528472254
CNAG_01974	525.0811704177686	0.33913242390543263	0.09912092161490428	3.421401036029503	6.229939340336232e-4	0.006215259070903922
CNAG_05113	451.89241066254743	0.3387706630893373	0.08946327795770405	3.786700765083741	1.5266075811506876e-4	0.0019336687483051947
CNAG_05076	479.85603224279856	0.33852129436974704	0.09430874032313386	3.5895007526328717	3.313118745322826e-4	0.0037405110634694707
CNAG_05008	195.93158317001047	0.33850873566153045	0.1179096298506315	2.870916786782852	0.004092832502165818	0.027697150219451797
CNAG_07902	871.3399383041591	0.33828074997048607	0.07664009980799182	4.413887127208714	1.0153090901966915e-5	1.8243246092818007e-4
CNAG_04003	320.9099557148355	0.3379951284488998	0.09849535806776961	3.4315843414300056	6.000665061978793e-4	0.00602200075997694
CNAG_06678	261.20118672272645	0.3379463722911828	0.10842531347881107	3.116858613991701	0.0018278921311763543	0.014653421652767604
CNAG_04676	509.84695646492645	0.33779109970742793	0.12822922693709254	2.6342754126806325	0.008431706393517759	0.04781356714708052
CNAG_07637	612.8574614337658	0.3373224565213463	0.08481406545166391	3.9771994742262247	6.97316673012424e-5	0.0010114824717315117
CNAG_07552	322.7722179573168	0.3373080927582677	0.11461929168072828	2.9428561964755326	0.003251994385072299	0.02331112165553413
CNAG_01928	211.64147327606588	0.33677148189713124	0.11946447121781001	2.8190095219450035	0.004817208909043065	0.03140690389784189
CNAG_00527	891.9564986758007	0.3362961596448827	0.11958264108681874	2.812248973500483	0.004919640698325275	0.03186008230445068
CNAG_02181	299.89805597721033	0.33596904558185403	0.11484200870673113	2.925489107734165	0.0034391521529632692	0.024242265019951286
CNAG_04488	583.0431565058856	0.33391060201906625	0.10981252034711773	3.0407334333423344	0.002360026707073854	0.017942559948056443
CNAG_00284	184.61030669401552	0.33383954272416005	0.11737422005637692	2.8442322561445863	0.004451858376609057	0.029681977010974164
CNAG_03248	861.1241706416403	0.3316630446057901	0.08700155184428492	3.812150905071205	1.3776272210519716e-4	0.0017921424504697156
CNAG_04438	206.81511922358217	0.3313632683475963	0.12095461103701892	2.739567061616034	0.006152016276154679	0.037510133442548874
CNAG_03582	275.64903514602423	0.3312527878804401	0.09053657685980729	3.6587730547110637	2.534256319575265e-4	0.0029907756635545023
CNAG_03509	2045.1594113369556	0.330550723316373	0.08873956703721864	3.7249530773317305	1.9535155546678996e-4	0.0023886488027654064
CNAG_03003	546.0883182640052	0.32945489313689713	0.12223838596935693	2.6951835998512435	0.0070349855396180305	0.041656461578122854
CNAG_01764	201.03604362358948	0.32911957541294057	0.10992565737282144	2.9940196245241077	0.002753282348393994	0.020361064004389643
CNAG_07426	446.82800954982434	0.3279517839746315	0.11356456909110177	2.8878001880282556	0.0038794622711630098	0.02657176686032177
CNAG_06325	379.79008073577796	0.3265771932344654	0.1105806235002446	2.953294916389606	0.003144014380834422	0.022681100549278355
CNAG_04001	520.7603430608325	0.3263579769266672	0.12271895271252309	2.659393432823546	0.007828149030141776	0.04493888265269525
CNAG_00538	880.005422538216	0.3261450713748959	0.09270965472364201	3.5179191676109784	4.3494482808821073e-4	0.00472166068184221
CNAG_04120	434.5327447530743	0.3256735753314529	0.10595357126996828	3.073738538757141	0.0021139461264143285	0.01649754730452841
CNAG_06563	1526.2969333682554	0.3241801840113931	0.12324664768855409	2.6303367279457426	0.008530033228328023	0.04827271937234254
CNAG_07818	136.89533475164083	0.324066944813446	0.12192725721510356	2.6578711948037053	0.007863594067583904	0.04510413735293257
CNAG_00159	187.0837561150576	0.32329193474660434	0.11771296071190318	2.7464429812265605	0.00602453571383273	0.03696576533107148
CNAG_02886	312.6290590669936	0.3231401509096178	0.0938793428733942	3.442079386360906	5.772608142976186e-4	0.005887386096384444
CNAG_01599	462.1434050113603	0.3224660519169971	0.12239001060975958	2.634741596233534	0.008420135756261247	0.04781056128492346
CNAG_05844	592.2471664452011	0.3215623071624685	0.10272391288242126	3.1303549304097444	0.0017459521089798532	0.01423234607247837
CNAG_06906	1724.3239392809946	0.3201739513477029	0.11539768077889337	2.774526742536266	0.0055282088797192225	0.03477073997327578
CNAG_00991	295.4595570017285	0.31967846950185447	0.10453891071340811	3.057985465127414	0.002228303838868828	0.01721155097434144
CNAG_06532	149.48245347056283	0.3189286262544813	0.11327593395138903	2.815502067644356	0.004870108355738954	0.03160788958822665
CNAG_04925	408.34497990140926	0.31843596868938745	0.09811961936906498	3.2453852831575856	0.0011729181186614244	0.010291900694057627
CNAG_01317	530.7213548612372	0.3166729993230189	0.08512533800373993	3.720079200262395	1.9916031358719794e-4	0.002426460367337552
CNAG_00681	159.3970309879501	0.3158964840374717	0.11795452448980084	2.6781209572404854	0.007403647656180201	0.043123223751474364
CNAG_05173	162.8700719451984	0.31438632268361255	0.08926146918779693	3.522083218484519	4.281697132007424e-4	0.004663057294568857
CNAG_04646	260.20388667760085	0.3139789415362767	0.09378394536198226	3.3478964904323183	8.142741811176805e-4	0.007757937134868028
CNAG_08022	451.52983208235395	0.3139568507910826	0.08765808326277906	3.581607526711611	3.414865351199945e-4	0.003842574400170835
CNAG_01290	304.6308402014288	0.3121548583139348	0.10666975587773783	2.9263670451418187	0.0034294605810069067	0.024218044234863578
CNAG_07801	461.15135496838843	0.3116845326022649	0.10858750144286054	2.8703536637342686	0.004100129285470129	0.02770513592227097
CNAG_06713	578.2076142896851	0.3113445211143712	0.10444373652804065	2.9809783857242858	0.0028732907177819755	0.02104180683487038
CNAG_06519	212.30357792431624	0.31076966089082175	0.1090571931307856	2.8496025981352258	0.0043773885048500735	0.029243027348968834
CNAG_06326	371.6826872035061	0.310655912627849	0.11708469840031904	2.653257999313448	0.007971891171254207	0.045609451684185814
CNAG_05242	613.544919980674	0.3103796773673555	0.10333620565259481	3.0035908073770248	0.0026681391206405756	0.019796247977239056
CNAG_07009	212.6539916234129	0.3103460812801139	0.10685563950881548	2.9043491078869135	0.003680175495418004	0.025568726980473393
CNAG_06425	339.95755515056715	0.3100078246350488	0.11344975874496749	2.7325560500480166	0.006284497746054383	0.03811207496130026
CNAG_06192	706.560284926077	0.30902923830679324	0.08333227970306525	3.7083977470428673	2.0857485399324821e-4	0.0025320538726707233
CNAG_03467	69.68336048751794	0.30874270081860233	0.11791792101822285	2.6182848048252962	0.008837301217945424	0.04976215997536351
CNAG_01059	253.9202838027816	0.3084260239631192	0.09857197544863255	3.1289423039294264	0.0017543675240185954	0.014283756740026401
CNAG_02394	353.8838403649978	0.3066985366860289	0.09233629676220095	3.321538197225816	8.952272784637971e-4	0.008364509771467257
CNAG_01303	270.57982204062307	0.30503712554033846	0.10728139477369848	2.843336686512977	0.004464388226642416	0.0297362496040076
CNAG_04740	314.5413502478343	0.30391274435565474	0.0991336606024143	3.0656866952036395	0.002171707483095806	0.016870580837719026
CNAG_02117	400.8431392015343	0.30378918217173717	0.10638739816026263	2.8554996872290013	0.004296916519788575	0.028762166506964233
CNAG_02032	821.7487749151335	0.30289032933062177	0.11545002511109642	2.6235622646175556	0.008701553855104105	0.04903854061104427
CNAG_05928	157.91651758659944	0.29972406303403726	0.1035568331025839	2.8942953743779434	0.0038001050406273754	0.02624048067809362
CNAG_05297	220.23067805062396	0.2989206518621605	0.1095477161888844	2.728679905537742	0.006358839419435865	0.03849399305385036
CNAG_04056	348.5187448382667	0.29582182853630146	0.10739842803453445	2.7544335047546378	0.005879383577642145	0.0362392578297979
CNAG_01241	289.093011403328	0.2951584030517459	0.10828496947920484	2.725755979535354	0.006415440869315892	0.038732795408864394
CNAG_06174	803.1824770272814	0.29449175051569904	0.08691893830777074	3.3881195082357656	7.037359418227987e-4	0.006898852778448102
CNAG_00158	279.09014817542095	0.2938126731977922	0.0845633332721452	3.4744689196703273	5.118656584615579e-4	0.00530992032223368
CNAG_05117	741.7646059947202	0.2935250011648136	0.09167189647966525	3.2019082449104084	0.0013652047570454568	0.01161796108571096
CNAG_04221	246.7462862336971	0.29288977917004927	0.0879731086216179	3.3293103285664336	8.706134009892999e-4	0.008213837295684565
CNAG_06864	492.2967461484211	0.2920937678529901	0.09451141103660896	3.0905661512116005	0.001997752986648102	0.01573578922273749
CNAG_00462	378.179476860154	0.2918806811790614	0.09778186184241948	2.9850186494652986	0.0028356103506653792	0.020788338220137748
CNAG_02786	395.7449713022804	0.28922699459925155	0.10344966644074288	2.795823365606732	0.005176768495186412	0.033051300458428606
CNAG_03106	517.3034013316444	0.2881721105541456	0.09037093771109748	3.1887697289961645	0.0014287964349465356	0.012053134558316105
CNAG_05880	358.3085148939663	0.28807906297265196	0.07806993454598066	3.6900128666430834	2.2424270978650557e-4	0.00268081940948035
CNAG_00594	815.0542137452999	0.28788600812016407	0.07894182484481634	3.646812177018833	2.6551385509456394e-4	0.003101018714500993
CNAG_02891	659.7159202016968	0.2859085083704736	0.08865244882491508	3.225049191084739	0.0012595102542426963	0.010868691034700667
CNAG_03884	521.162848678678	0.28425341326832176	0.073761807258031	3.853666603828677	1.1636201950530482e-4	0.0015639609526367755
CNAG_02534	273.97730789306854	0.28022617906366526	0.0971364658851731	2.8848710575380214	0.003915740053657073	0.02675931659552099
CNAG_04697	377.25342861941084	0.2788598076690107	0.09817470711872185	2.8404445080929843	0.004505071022864718	0.029875590233816293
CNAG_02803	151.15533178707742	0.27847186380809985	0.10375725175191254	2.683878563726191	0.007277353411083203	0.04264428374280071
CNAG_03646	336.15441736337084	0.27822422745306674	0.08920194155365727	3.1190377990338662	0.0018144268296970893	0.014579984987387998
CNAG_03930	293.81259683666445	0.27768737140624705	0.10205699777169579	2.7209047637031327	0.006510351471834521	0.03916618194512171
CNAG_07499	437.1356375669234	0.27743851296413236	0.07966525609275837	3.482553456441493	4.966560508350609e-4	0.005191895198081332
CNAG_02149	272.89131993025967	0.276762838659762	0.09916176662449239	2.7910236785898803	0.0052541628374546834	0.0334194357379512
CNAG_05353	566.1199980878425	0.27646332700528253	0.10315551590637059	2.680063441844596	0.00736082080507488	0.04297707180914607
CNAG_05604	409.1960214074318	0.2763468953226975	0.09451807581547339	2.9237465208475735	0.0034584624972896676	0.02430251551518694
CNAG_02136	735.8145870411095	0.27588315877908665	0.09635455309985075	2.863208326992012	0.00419374727722113	0.028210967284901627
CNAG_05013	1113.2180838641023	0.2743120316474384	0.07580792727035382	3.618513808841645	2.962996923314696e-4	0.0034309984886382477
CNAG_05200	221.27206903179345	0.2732079673441795	0.08833253398241422	3.092948373909113	0.001981786077166435	0.015667520702236416
CNAG_04705	265.7511758325638	0.27308549101743196	0.09128993881458008	2.9914084132765018	0.0027769382300658683	0.020435700695816524
CNAG_04797	603.4208263028645	0.2721387444177864	0.08559146310461835	3.1795080320703426	0.0014752528084939734	0.01238334885345499
CNAG_02745	459.3527074477522	0.27207796033154824	0.07242470266981463	3.756701101997698	1.7216792621232632e-4	0.002148035383393373
CNAG_01339	558.612446755157	0.27207148003558324	0.08710700761878963	3.1234166741929887	0.0017876447483397985	0.014450483920350591
CNAG_04276	334.10277205788026	0.27151529598925417	0.08385627234684527	3.237865080219831	0.001204277471094086	0.010522749431381732
CNAG_04110	300.0722513506499	0.2709548692397551	0.09886116635984407	2.740761405277259	0.006129700115767009	0.037407737463248394
CNAG_03441	427.73694485697297	0.2704974765225423	0.09613446175087388	2.813740999804198	0.004896866475886857	0.03174294115565318
CNAG_05111	864.0459917289465	0.2679725514341758	0.0910531792618236	2.9430334405306176	0.0032501330869116065	0.02331112165553413
CNAG_04990	552.6133862059434	0.26615470241468037	0.0908129121800727	2.9308024159265242	0.0033808774150553985	0.023981218439356303
CNAG_01957	593.6046211944198	0.2660380856280954	0.083830076692956	3.173539809614057	0.00150592248544141	0.012609541305785057
CNAG_03367	179.6239807186684	0.26485178527184755	0.09316703441838894	2.8427628605464355	0.004472433372361792	0.029760573344183475
CNAG_03124	513.0793025355181	0.26302358758188543	0.07655529913193546	3.435733261633403	5.909524907207229e-4	0.005983725219943463
CNAG_01725	208.9019225168234	0.26078027139804455	0.09501454576081506	2.744635248317873	0.006057818682834064	0.03706925362016075
CNAG_05294	536.1001096059016	0.26059717421338724	0.07442068109599247	3.5016768239093734	4.6234006038764264e-4	0.004893580576665455
CNAG_00495	377.8204322400661	0.26027984422067624	0.09699580668381863	2.683413367230622	0.0072874853302764666	0.042666746436726695
CNAG_05139	286.57363548374656	0.2602201320468511	0.09213204986068596	2.8244257285096044	0.004736542444451634	0.031005807055462756
CNAG_06224	386.9855756365855	0.2599687456242542	0.09182740847380914	2.83105828581019	0.004639426577854625	0.030571474356407807
CNAG_06498	411.5102008970112	0.25759750705775003	0.09142493293408147	2.817584862145659	0.004838632614274525	0.031485972458305124
CNAG_01235	739.3735677303755	0.256946733553633	0.07144472947454196	3.5964407093904853	3.226010710698844e-4	0.003648246503217691
CNAG_02280	340.23336078570674	0.25682867457749087	0.08616602106796373	2.980625905598176	0.002876599605887647	0.021043289125575508
CNAG_03451	183.8248230173341	0.25563271749959804	0.09596096056938028	2.6639241206300164	0.007723498222115945	0.0444511274057888
CNAG_00401	310.45746436763994	0.2550643356664564	0.0888128801713157	2.8719295576773303	0.004079738965118767	0.02763615174971453
CNAG_05881	705.4804076886401	0.2543910801863463	0.08518551183267854	2.9863186205422054	0.002823582824136558	0.020722589437379247
CNAG_02547	694.8345821920507	0.2539029043805591	0.09638887330674827	2.6341515952005965	0.008434781922167291	0.04781356714708052
CNAG_05247	733.3396116249492	0.2532687307334916	0.08582163294288457	2.9511059397115558	0.0031663829306762406	0.02281816805574559
CNAG_04149	370.30587362925917	0.2524688216793717	0.09453567298453472	2.6706196053702773	0.007571139290171496	0.04376015149455778
CNAG_03170	221.10120614709538	0.2503282037392652	0.0932354365857169	2.6849040762427654	0.007255062515558368	0.042624278820808666
CNAG_07866	184.09641738371172	0.2485656557594165	0.08694653281308828	2.8588334430053233	0.004252019726091036	0.028490324308296854
CNAG_02898	571.0290030164917	0.24774311102844035	0.08791651064815095	2.8179361214633336	0.004833342465676028	0.03148179025239367
CNAG_00740	1188.5883590703188	0.2458212644976161	0.08772662614125172	2.802128331047528	0.005076667479330293	0.03256643952774004
CNAG_03726	487.7961218306805	0.24506884235460588	0.07809417526700162	3.138119347783915	0.0017003562778649635	0.013910885780503942
CNAG_01092	320.4002449974556	0.24460410831554488	0.09149972241679112	2.6732770532499184	0.007511418630775372	0.04352638991007046
CNAG_05804	776.6232735111697	0.244213667592077	0.09192601464822309	2.656632820715867	0.007892535363424083	0.045193604862075014
CNAG_02020	687.7328669111506	0.2441608354272986	0.09063098932436343	2.6940104841342967	0.007059794400704221	0.041766853511240515
CNAG_06474	1195.1976708368666	0.24402672880133988	0.07702185802726448	3.1682789152523223	0.0015334432919492877	0.01277680794546676
CNAG_03072	4488.027499497324	0.2439289879099286	0.0786231219916758	3.102509563735646	0.0019188734770168307	0.015292292862720014
CNAG_04683	558.9306649078413	0.2427935416593306	0.09099006520093086	2.6683522110153044	0.007622430482224413	0.04398155373644649
CNAG_02688	183.11633104518307	0.24205154986726948	0.08971602615557057	2.6979744895025113	0.006976278649053082	0.041486139352407164
CNAG_05631	931.3712977609588	0.24030765140024962	0.08522965094645255	2.819531098997793	0.004809387042612053	0.03138611543993646
CNAG_00533	753.2166870616331	0.23889278763348096	0.08874762580404455	2.6918217300929053	0.007106291923842795	0.041859149123574864
CNAG_03621	4424.891017089414	0.23760719607419203	0.06918576965355905	3.434336240877087	5.940068653611561e-4	0.005987801348149511
CNAG_02772	622.4411534047794	0.23458345798181715	0.08441186662489795	2.779034125903631	0.005452079700991273	0.03438769822580529
CNAG_03497	435.86591099201564	0.23319241587205866	0.07364440621579704	3.1664647439582163	0.001543040495772739	0.012840978278089107
CNAG_04236	558.1720012294093	0.2330202215480696	0.0763550100455252	3.0518000247676715	0.00227473591745075	0.017490421231340952
CNAG_04620	311.00240605273854	0.23246339409397715	0.08404383549230415	2.7659779296396305	0.0056752375609314945	0.03546499929681729
CNAG_00434	208.21016677325733	0.23180975120900296	0.08704665284954008	2.6630518649543657	0.007743547783624735	0.0445286864908947
CNAG_06753	573.396659415039	0.2290284747361012	0.06893120131514058	3.3225661292195645	8.919352692175618e-4	0.008356804306611015
CNAG_01549	443.24137885320454	0.22022898335744703	0.06802251205959718	3.237589684492919	0.0012054404426855955	0.010522749431381732
CNAG_07740	662.9032758227078	0.21460894150609378	0.06603329928902224	3.250010885671006	0.0011540059104637344	0.010205268978435164
CNAG_01852	674.1054501150467	0.21203916227282918	0.0768545618640375	2.758966509339357	0.005798447709035136	0.03590373380347716
CNAG_00464	778.2080454781678	0.21030284755610568	0.07194195101076592	2.923229695628277	0.0034642086016466647	0.024317667427517623
CNAG_05437	3849.044503600806	0.2073978242586352	0.07703549477091116	2.692237193716957	0.0070974447997631425	0.041843421299909075
CNAG_02134	1196.39594288259	0.1853189854243499	0.07084455373738416	2.6158536633784797	0.008900469389332191	0.04999318378386092
