gene	baseMean	estimate	stderror	statistic	p.value	p.adjusted
CNAG_01980	34.823072882353635	-5.869630882053169	0.5239463596025867	-11.20273244479699	3.953480297688081e-29	9.918842791310763e-27
CNAG_01551	2342.2416888213083	-3.8575410557518346	0.33130651669204736	-11.643420401951998	2.478716705317502e-31	6.458010369931061e-29
CNAG_06389	98.16297193028716	-3.798316825103574	0.24751053120986233	-15.34608166584641	3.762354915417745e-53	2.8317991330044224e-50
CNAG_06242	897.6552778039634	-3.5710272360898085	0.1803302411650224	-19.802708702762274	2.8210891023610616e-87	4.777514394848458e-84
CNAG_04874	598.610410520747	-3.143674426860247	0.13219615700103757	-23.78037681409735	5.3311301304196e-125	3.611307550346237e-121
CNAG_05916	328.7398626858363	-2.9444771135129484	0.1333353932185924	-22.0832371843365	4.580725704025625e-108	1.551491795953479e-104
CNAG_00456	1065.9648032764312	-2.9264930395728586	0.18029237415606514	-16.231929127737928	2.998845049874422e-59	2.9020251954070476e-56
CNAG_06785	546.7350226196266	-2.8615053370035426	0.17978449432118726	-15.91630773169697	4.883585068528915e-57	4.135175656776859e-54
CNAG_06917	1511.9922894453914	-2.7848906916263463	0.20236404336015187	-13.761786162129669	4.327026469461872e-43	2.0936626645810513e-40
CNAG_06802	21.988796991267883	-2.615329310111008	0.4403135993726842	-5.939696874766243	2.8554956984102877e-9	1.0628092231335873e-7
CNAG_05835	1320.1027257936792	-2.6050428814583633	0.15605435754673352	-16.693176162531906	1.469411906517688e-62	1.6589660424584697e-59
CNAG_00302	82.98349224560184	-2.5774537568963147	0.37618766904352496	-6.851510479994237	7.30742441939743e-12	3.867226016952984e-10
CNAG_00674	123.01114904434097	-2.373152378633962	0.21252975027796728	-11.166212615081514	5.967131383606917e-29	1.443619571162616e-26
CNAG_03516	1339.2290165968996	-2.340785220717044	0.19160963138955756	-12.216427763790445	2.540026986908781e-34	9.055864636484253e-32
CNAG_03113	324.33109986363127	-2.293788766222002	0.1525621993513166	-15.03510552400939	4.323588245900188e-51	2.440665564810656e-48
CNAG_03894	32.379236808815925	-2.2713849250759024	0.3091590244484391	-7.3469792095773645	2.0273638736455843e-13	1.3079393219119227e-11
CNAG_04877	136.01190378465344	-2.253125122476297	0.6621423046258735	-3.4027808021560673	6.670377199905251e-4	0.006596370095205572
CNAG_05312	269.6069959057024	-2.215369188671109	0.19981231251132756	-11.087250634494897	1.446658391546058e-28	3.3791944635631023e-26
CNAG_06241	1869.349918279791	-2.180532262508822	0.18010534292823233	-12.106982652800657	9.699703617116956e-34	3.128847252492869e-31
CNAG_00735	30.01030286682113	-2.1727515940119386	0.3994988897587956	-5.4386924462387745	5.367301405635731e-8	1.5604334644539245e-6
CNAG_04126	2.4759725779472723	-2.1533600001620536	0.7600274318584547	-2.8332661557972414	0.004607500531590478	0.03044995961072575
CNAG_05870	879.7424517800808	-2.1508365572522883	0.12688975629722357	-16.950434928838696	1.9103534380633663e-64	2.5881468378882485e-61
CNAG_07869	77.51727873540008	-2.1430961121442182	0.29965091471865224	-7.151975872179167	8.553760647259081e-13	4.952408087566924e-11
CNAG_06200	375.9201013736108	-1.9695335518147814	0.14939545994279652	-13.183356124536283	1.0941300596090014e-39	4.117576124328542e-37
CNAG_05313	386.9602886614065	-1.8941616221026303	0.16207964012701662	-11.686610487401358	1.4922393954743308e-31	4.2118456937262987e-29
CNAG_05229	2467.487925715968	-1.8940770115997037	0.2077545515814971	-9.116897787227073	7.730543954138671e-20	8.875712668700908e-18
CNAG_02872	68.24825202415357	-1.8649121745580644	0.196438378086865	-9.493624375850835	2.2313798474754548e-21	2.9600294507282016e-19
CNAG_05632	601.7331073769541	-1.7888238525745406	0.08719852253694078	-20.514382589644487	1.6018949965613804e-93	3.617078902235597e-90
CNAG_02323	164.90663349883167	-1.7529959451817554	0.1300490617991422	-13.479497052344888	2.065097308229109e-41	8.228805391731756e-39
CNAG_00883	592.3639104366947	-1.741489236114331	0.1491028559571569	-11.679784568410476	1.617048363436015e-31	4.381554245566226e-29
CNAG_04018	24.969743783373314	-1.7273814021921798	0.3279490162034216	-5.267225443118001	1.3850107931025152e-7	3.7899834803580234e-6
CNAG_02544	5.547686416177432	-1.706114014277131	0.6307121677660145	-2.7050596158945135	0.0068292132147450375	0.04075866988253999
CNAG_05263	83.42055975899551	-1.6988658517760649	0.1700929905666002	-9.987865144336274	1.722514499183348e-23	2.651889367606364e-21
CNAG_05915	668.2679973097504	-1.665057056158142	0.11259613912379547	-14.787869896031431	1.754179447885607e-49	9.140624292290078e-47
CNAG_00936	449.7136022474807	-1.6439300099547003	0.1351987812302894	-12.159355247104852	5.116087836170518e-34	1.7328189501109546e-31
CNAG_06762	2098.7546386075214	-1.6145573882493096	0.18584118496393998	-8.687834123327361	3.694146481153475e-18	3.574878323333377e-16
CNAG_00654	297.50169114448397	-1.6125649542348683	0.1892556273295581	-8.520565422484621	1.587762475512227e-17	1.3614560771037754e-15
CNAG_00597	223.60809227453086	-1.600207900014572	0.1909776409678485	-8.379032707205607	5.336444489092761e-17	4.355310237242694e-15
CNAG_01983	1473.3717095007758	-1.5809479301650107	0.16656050819220128	-9.491733348583972	2.2722399090325726e-21	2.9600294507282016e-19
CNAG_06186	776.3623868326758	-1.5619989127455534	0.17891325660099366	-8.73048170057667	2.5359023347832616e-18	2.602757941791184e-16
CNAG_02381	20.6114269075998	-1.5610802992488881	0.2830750252065217	-5.514722812830196	3.4933008581241045e-8	1.0424502208340389e-6
CNAG_03848	424.84162873391057	-1.5476869518285148	0.10166406339353914	-15.223540159293613	2.468063344729096e-52	1.5198782815631725e-049
CNAG_02060	8.61676660989281	-1.54445026030677	0.3512553175366273	-4.396944852360055	1.0978522415371437e-5	1.9519294184180082e-4
CNAG_06163	48.941237083174556	-1.540569987463166	0.34879838109497546	-4.416792252953947	1.001764259149187e-5	1.8047742264565408e-4
CNAG_00637	123.45210832042041	-1.5148096303699292	0.17522475209307742	-8.64495233849884	5.382776123694285e-18	4.994921296151382e-16
CNAG_07401	115.67509825751598	-1.4769242357900378	0.12394882302468543	-11.915597096842914	9.816043549425072e-33	2.8910382175567582e-30
CNAG_02226	60.8607679709757	-1.453601610562138	0.16591845085833495	-8.760940106674797	1.936286695845584e-18	2.0179086273319982e-16
CNAG_00374	403.6923345616042	-1.4166784920590267	0.16064629877102068	-8.818618934248265	1.1588007660109185e-18	1.2459867284060256e-16
CNAG_00126	592.3990336561768	-1.4075601767327086	0.19402871603150468	-7.254391027893837	4.0347295321858696e-13	2.507454848718081e-11
CNAG_03143	827.496256535611	-1.3772977842299714	0.22427918159747623	-6.140997012829611	8.200512632163081e-10	3.286998376939214e-8
CNAG_02543	19.410856871255497	-1.3370577560437806	0.30245920138205207	-4.4206218555568855	9.841726777924368e-6	1.7825630265684404e-4
CNAG_03727	738.7112111562368	-1.3365380362602148	0.12307886122332837	-10.859200540010256	1.8032088963812076e-27	3.817167832526969e-25
CNAG_04625	1151.7400006618925	-1.313002281921675	0.11932761237910859	-11.003339928986547	3.6823536651467174e-28	8.314754575901288e-26
CNAG_03644	280.3154494932321	-1.312735103380723	0.12206800674087236	-10.754129099260343	5.666676257428696e-27	1.1290019108182939e-24
CNAG_00581	3334.915939236189	-1.3056503754355493	0.10901618188804209	-11.976665783217685	4.7088363970941747e-33	1.4498935342689064e-30
CNAG_05813	62.29790996660966	-1.3037414108581418	0.18329990072172136	-7.112613840623025	1.138655440597862e-12	6.536654198821964e-11
CNAG_04416	73.11549230665732	-1.3009281219779751	0.2876963762645691	-4.521878721133511	6.129317630188478e-6	1.1469612604115126e-4
CNAG_06432	448.67726579184966	-1.2825604650244167	0.16913531365298007	-7.583043643126379	3.375412388856847e-14	2.3572209816614726e-12
CNAG_07736	6.798888735050346	-1.270282619746427	0.42123187526609157	-3.01563745370407	0.0025643967781088157	0.01921595550321805
CNAG_04413	9.512764159854932	-1.2683056528311278	0.4522307931967236	-2.8045539399600456	0.005038625607720819	0.03244453409382208
CNAG_06657	201.83823554509118	-1.2654425627812083	0.22043875056707138	-5.7405631247949795	9.436223792847486e-9	3.1960489986374434e-7
CNAG_06346	127.47776756878423	-1.2619505213134976	0.36946662212677883	-3.415600884456815	6.36414503278687e-4	0.006339811537073273
CNAG_01742	101.78141912992156	-1.2589460495909819	0.14612804625171966	-8.6153622243215775	6.972081684999876e-18	6.382281261376914e-16
CNAG_00107	114.14441397674607	-1.2506433384084368	0.26115068996987145	-4.788971986069504	1.6763787889682242e-6	3.6164936039715764e-5
CNAG_07442	3255.6142501597687	-1.2505201666560948	0.12207568591052294	-10.243810283176954	1.261674811513156e-24	2.034901231711933e-22
CNAG_05962	145.33789916323383	-1.2360407877084003	0.21584127001892484	-5.726619323542828	1.0245170936545258e-8	3.4356825705028504e-7
CNAG_05345	5.807096967384874	-1.2227888857536582	0.4213195829898318	-2.902283528043768	0.003704530890981636	0.025658990036308386
CNAG_01052	36.24229311481293	-1.2080139099772047	0.23801723203720662	-5.0753212262731005	3.868419164548332e-7	9.598780740164983e-6
CNAG_00407	1201.5662737130397	-1.1964433299825503	0.13965326462761332	-8.567242113336034	1.0599288694977321e-17	9.447313371023206e-16
CNAG_01777	524.3902394802097	-1.1902313018483304	0.1139029252636287	-10.449523566611973	1.4726313663641338e-25	2.4939012189376606e-23
CNAG_05994	500.23144383746364	-1.1817832202931395	0.18988544050378614	-6.223664211209368	4.856759732723137e-10	2.030845088238675e-8
CNAG_00264	1467.3898295417941	-1.1788851334974995	0.08713454967583655	-13.529479843337256	1.0476228465131344e-41	4.731064774853315e-39
CNAG_03461	205.90029804939374	-1.1751253445630678	0.1425596088344529	-8.243045517385504	1.6788167100924973e-16	1.322360976065881e-14
CNAG_04756	586.9715182354925	-1.1724976515947456	0.2066988142627116	-5.672493360820715	1.4073397651250048e-8	4.5833267158446073e-7
CNAG_05731	1442.326857083603	-1.1039431587694826	0.10524026211889259	-10.48974163065396	9.629133766731755e-26	1.716519793048445e-23
CNAG_04735	764.6483560834747	-1.0997899474961481	0.1607712547430156	-6.840712596627454	7.880020828861033e-12	4.0747527553209646e-10
CNAG_03438	2498.1260438665236	-1.0973202565114724	0.12098438399353137	-9.0699329970564	1.1909022632997696e-19	1.34452865526544e-17
CNAG_00074	739.8146732779131	-1.0907045713821022	0.16025983965840124	-6.805850883833233	1.0045372047164201e-11	5.116342123871451e-10
CNAG_04476	12.373163893564378	-1.0879010731183538	0.3508973273334145	-3.10034015187769	0.001932985168539118	0.015386652798688583
CNAG_01690	165.6779873278825	-1.0862346618314656	0.15186139742500063	-7.152803018080492	8.502357226520679e-13	4.952408087566924e-11
CNAG_02297	458.46503548149303	-1.0849052987088528	0.1502619742784582	-7.220092135208865	5.195236288033168e-13	3.1704982536159174e-11
CNAG_03058	2335.4088859239378	-1.0840207316473232	0.17949661147283355	-6.039226717165006	1.5485453868620646e-9	6.063495058152386e-8
CNAG_06554	145.35457212317144	-1.0828132045816243	0.12471283299091421	-8.68245214717006	3.873261853001146e-18	3.6954191256661643e-16
CNAG_03705	601.3098203057677	-1.0673766226895764	0.11798570640924336	-9.046660440267999	1.4740755273076193e-19	1.636948790488822e-17
CNAG_02225	23.33338149101113	-1.0607902380206102	0.34628239718107084	-3.063367490395198	0.0021886110900370495	0.016982418698637997
CNAG_03654	26.26257783942832	-1.0581075476455426	0.20186155391207736	-5.241748748780617	1.5906186144645516e-7	4.309940197753149e-6
CNAG_04857	38.424979684916245	-1.058036828382503	0.3592289048174792	-2.9452998191225217	0.00322641850287682	0.023176838747070605
CNAG_02063	230.19835129457167	-1.0567798930996888	0.10783714944360348	-9.799775852312955	1.128357558391728e-22	1.592394604280326e-20
CNAG_06336	728.8865409848415	-1.053817856544596	0.0973357339368805	-10.826628761313572	2.574603986104275e-27	5.284959818748593e-25
CNAG_07339	102.11928470523995	-1.049442659015408	0.16979879166152007	-6.180507227091378	6.389597105085335e-10	2.607417517460726e-8
CNAG_00598	124.11031832983848	-1.0459984445666775	0.1534546840990048	-6.816334416301216	9.339275655312515e-12	4.792746461294468e-10
CNAG_03268	545.4081323976003	-1.0458114736461428	0.14777507815399354	-7.077049030935534	1.4725644428941287e-12	8.382480282491451e-11
CNAG_03326	93.38864114151023	-1.0380174546394467	0.2782955073060257	-3.7299109306065734	1.915474711898819e-4	0.002346369927378409
CNAG_05161	57.98990547398605	-1.0349365807927282	0.19939866981085744	-5.190288289156756	2.0996873592930474e-7	5.449533399176668e-6
CNAG_05742	240.25204251934116	-1.0347804064913366	0.12417702115605923	-8.333107018172697	7.874791925073726e-17	6.275745941229344e-15
CNAG_01722	305.5942969180576	-1.0312762687663042	0.16049721586104418	-6.425508774302765	1.314291837062179e-10	5.8572453317494745e-9
CNAG_06658	513.9868708143789	-1.0284145033017054	0.1616114916593185	-6.3634986147496955	1.9720917259702288e-10	8.73133944557015e-9
CNAG_04154	32.65559912694747	-1.0241622593316753	0.2303871860771946	-4.445395930086644	8.77301428414847e-6	1.5975376010973587e-4
CNAG_07626	269.0457717879569	-1.0182150429274237	0.10289749702500861	-9.895430621407174	4.3573109402922905e-23	6.559205402119995e-21
CNAG_00251	71.48278865702608	-1.013759264953907	0.1251263622170695	-8.101883943490941	5.411455540662081e-16	4.2134712451086137e-14
CNAG_02118	83.49648201507712	-1.0110666302123297	0.17426821859100317	-5.801784389529115	6.561289728922368e-9	2.2910400321505218e-7
CNAG_02561	414.7143380019783	-1.0099498012592156	0.14076892506325203	-7.174522365681293	7.256006008445856e-13	4.2741030174967155e-11
CNAG_04096	12.019707987243608	-1.0091368935450853	0.29700313556988517	-3.397731446870985	6.794708521674804e-4	0.006709527044580921
CNAG_05396	58.647064066058284	-1.0075385872048566	0.17889460081452505	-5.63202345189532	1.781074562898115e-8	5.745237661462777e-7
CNAG_07807	1402.699154460162	-1.0020235139121638	0.09356460522436605	-10.709429185420401	9.192686026751159e-27	1.7297570873670098e-24
CNAG_01681	260.1538427091851	-0.9971834326232145	0.11136988589466751	-8.95379773995944	3.4345784365075304e-19	3.7525539240164534e-17
CNAG_02684	1406.6575839471657	-0.9913905389457884	0.13412374113207873	-7.391611138922182	1.450602400506413e-13	9.633706530422e-12
CNAG_03735	303.4642594347057	-0.9796853046730759	0.11397291261174025	-8.595773172968464	8.270602677073068e-18	7.470008337932394e-16
CNAG_00128	16.35373143705442	-0.9777668867758175	0.36017868150511456	-2.714671736511238	0.00663414931009846	0.03973450700849422
CNAG_05264	10.03740072293669	-0.9718462361191996	0.35405774650585214	-2.744880589989114	0.006053291895627802	0.03706925362016075
CNAG_04042	586.5342379787664	-0.9697392421902578	0.1416739959452989	-6.8448640537017065	7.654853003919973e-12	4.002520168488409e-10
CNAG_04737	723.1498560368514	-0.9647171865649092	0.1462455185242556	-6.596558966727625	4.208101789870333e-11	1.9659090706608024e-9
CNAG_07695	521.9638841254921	-0.9634408680138103	0.12379100229446971	-7.7828020628026815	7.093557364468442e-15	5.223017129011873e-13
CNAG_06590	225.4436291568225	-0.962378154072309	0.34823253126497683	-2.763607841508687	0.005716619841013502	0.03559226360572194
CNAG_00123	69.95089519665447	-0.960923983468521	0.16007754446083372	-6.002865590580264	1.938651000141385e-9	7.419447386981775e-8
CNAG_01506	76.27827665537978	-0.9602800370583079	0.14124558119145117	-6.798655426655063	1.0560004677913176e-11	5.298775680606211e-10
CNAG_04969	359.9984612940094	-0.9589323855422708	0.17943451937465218	-5.344191234129582	9.082164525557882e-8	2.568679007775968e-6
CNAG_01635	143.9034636280043	-0.9568293617912875	0.11887154433091904	-8.049271734264932	8.328814158213509e-16	6.411293989515717e-14
CNAG_01043	1620.6826904143945	-0.9554902454650298	0.1408989398090429	-6.781387047766178	1.1902751855072681e-11	5.928620666636937e-10
CNAG_06408	13.637535680937336	-0.9521700755540771	0.2933276730011704	-3.246096987072467	0.0011699897278368298	0.010279520643795961
CNAG_03384	26.2651275960311	-0.946288045034865	0.22013210892858687	-4.298727930425864	1.7178118439061612e-5	2.931097589576911e-4
CNAG_01689	314.1372262116148	-0.9456821315732226	0.16958827422697478	-5.576341500518684	2.4562950609854395e-8	7.616299802665459e-7
CNAG_01210	29.705881143654704	-0.9431886239685771	0.2214666231130166	-4.258829663408281	2.0549998477194445e-5	3.471463583154991e-4
CNAG_06724	108.71166088262108	-0.9428337863099656	0.1279835931114861	-7.3668332275111705	1.7472884164079856e-13	1.1491390031793878e-011
CNAG_06493	647.4810048504969	-0.9361610592863606	0.1756470610216121	-5.329784932588042	9.832913889222545e-8	2.7524032514708065e-6
CNAG_07784	951.109114499351	-0.9313985843313661	0.2034842526351333	-4.5772514200469985	4.711251060406017e-6	9.170693874479988e-5
CNAG_01097	93.68608345437138	-0.927298100618319	0.16681633378470884	-5.558796789138639	2.716407388426188e-8	8.326218845791402e-7
CNAG_07419	1453.0394770530268	-0.9264405922223085	0.10971936971793775	-8.443728710837162	3.0737209066465263e-17	2.570541410076984e-15
CNAG_00799	62.78030576806618	-0.9246075098104403	0.19927741942313815	-4.639800698377991	3.487453476999582e-6	6.989352027572536e-5
CNAG_04869	27.984544514277545	-0.9207244409544252	0.32533191538574524	-2.830107952558926	0.004653230064666951	0.030632634070023253
CNAG_02107	521.1300438285523	-0.9091056872595905	0.17276892600253205	-5.261974524552332	1.4251651729591009e-7	3.877136097038132e-6
CNAG_06908	1271.6206338999825	-0.9082347453912072	0.09857440643212864	-9.213697330417641	3.15080720376167e-20	3.880648726960282e-18
CNAG_06285	95.98015978619	-0.9074971830812595	0.15731137093458786	-5.768795845397652	7.983995395100631e-9	2.731494182142004e-7
CNAG_04753	244.50969779565963	-0.8982149290924051	0.13096851659604425	-6.858250764669153	6.9708817966934284e-12	3.718169550456794e-10
CNAG_06517	577.6657362380616	-0.897891901586857	0.17290890952225474	-5.192860819420594	2.0708699921484385e-7	5.416244527727229e-6
CNAG_01261	1034.531336418516	-0.8962076494313451	0.1841782426030313	-4.865980024377726	1.1389102130357553e-6	2.5546284050013927e-5
CNAG_04675	696.1437015151594	-0.8919654378899319	0.20569748792668294	-4.33629718515501	1.4490300246076006e-5	2.5040125986458897e-4
CNAG_06016	384.9497827640101	-0.8871590214586412	0.14358153233771967	-6.178782236227602	6.459792410707608e-10	2.620277472463074e-8
CNAG_07775	21.237372415196685	-0.8794550826304056	0.27792316625022917	-3.16438206464079	0.0015541263299211517	0.01289868070407433
CNAG_05060	63.99289825418836	-0.8749789293212265	0.20066973119984333	-4.360293523540184	1.2988809362584425e-5	2.2735450806756302e-4
CNAG_03667	722.0871347156827	-0.8731250550329571	0.12018518171648636	-7.264831176048274	3.7350445848355893e-13	2.342702964599656e-11
CNAG_04736	187.30193799529496	-0.872645852792284	0.13412100260113932	-6.506407168662719	7.696942938381683e-11	3.4759394309731677e-9
CNAG_00702	1133.3856103287892	-0.8720196977100313	0.12086083261545867	-7.215072731498756	5.390515725334758e-13	3.260299421733718e-11
CNAG_02839	84.31573090481984	-0.8679752975346274	0.3008962102070737	-2.8846335317327383	0.003918695314844526	0.02675931659552099
CNAG_00688	315.8034263279739	-0.86553257930035	0.16355992252167345	-5.291837792266364	1.2109327462435031e-7	3.348105478797343e-6
CNAG_03316	237.41366212940474	-0.8649393565238667	0.14171664804792544	-6.103300977252604	1.0389992324339824e-9	4.14010635323988e-8
CNAG_03140	1772.401540639497	-0.8634259532249984	0.11618694788140446	-7.431350672076552	1.0749431034044604e-13	7.209568893526549e-12
CNAG_05238	42.05676716174133	-0.8558212507173281	0.1597993003924295	-5.35560073552032	8.52726217993363e-8	2.4270451263390925e-6
CNAG_04681	423.8164664203417	-0.8535663416898795	0.08235207332810661	-10.364843375455843	3.58345037637857e-25	5.920559231606936e-23
CNAG_03171	51.13680572301846	-0.8506466714124375	0.16150830809271313	-5.266891105837897	1.3875345484629315e-7	3.7899834803580234e-6
CNAG_05889	1153.9829292807356	-0.8491982465897516	0.09023829456624598	-9.410619412430671	4.93221638250337e-21	6.303930900958082e-19
CNAG_02264	238.88012986356847	-0.8483511257964594	0.21521840899262004	-3.941814874328663	8.086738387156074e-5	0.001146016021644252
CNAG_05539	296.2423666743085	-0.8482739096566121	0.12596153255495407	-6.734388606192371	1.6462066405691408e-11	7.9652884165824e-10
CNAG_03117	1617.6334044130815	-0.8439351559571443	0.1461591320789236	-5.774084341862627	7.737267585947989e-9	2.6605203364066845e-7
CNAG_06294	79.52197213878796	-0.841931941653204	0.27896101800926376	-3.0180989002027694	0.0025436587658407466	0.01908825460379713
CNAG_05159	605.3332582103521	-0.8407464462450153	0.10927246120862295	-7.694037792741415	1.4256291509573748e-14	1.0273629647431123e-12
CNAG_02189	3752.81318660229	-0.8356106326758806	0.09598305780909777	-8.70581383579006	3.153040167303414e-18	3.187864790046765e-16
CNAG_05147	193.99151627572948	-0.8351508936166806	0.13189569242657176	-6.331904236232894	2.421537746656896e-10	1.0515061984521674e-8
CNAG_03426	211.87540002688817	-0.83434647231971	0.14145645980728924	-5.898256420783946	3.6736276820483836e-9	1.3524540172932474e-7
CNAG_05066	173.97774098152001	-0.8311497586110547	0.13289717107618387	-6.254081647340668	3.9986179332628987e-10	1.6929148674951798e-8
CNAG_07599	108.65433205980287	-0.8308451478887238	0.16604088601826084	-5.0038587953412215	5.61939259205743e-7	1.3403438527675012e-5
CNAG_02659	13.209088644086595	-0.8240940680026728	0.2722431896415087	-3.027051178352136	0.0024695214345002332	0.018628661689648753
CNAG_02865	49.01875503758288	-0.8215212534826867	0.1862149330422273	-4.411682994813274	1.0257021246154286e-5	1.838123331255268e-4
CNAG_04970	133.94319649124017	-0.8182622687122646	0.192172494697916	-4.257957258652053	2.063033790617893e-5	3.4763658949367183e-4
CNAG_04600	74.14505124272098	-0.8166729964055442	0.15881661547400538	-5.142239015534334	2.714834243794648e-7	6.913641792280055e-6
CNAG_03637	144.40017157942435	-0.8101839280656549	0.16272304477474203	-4.978913276771553	6.394228409359902e-7	1.4987717385814524e-5
CNAG_04891	33.80885762565275	-0.8070939105239513	0.243404150135081	-3.315859282087186	9.136181961322097e-4	0.008512860606051704
CNAG_01283	290.5942955335532	-0.8047070745574224	0.24862005364976456	-3.236694155375847	0.0012092293580517161	0.010542238959385232
CNAG_01981	860.4880249098647	-0.8014050873138134	0.16990655682250635	-4.716740202975244	2.3965339025330838e-6	4.9645628916694524e-5
CNAG_02822	264.468558389593	-0.7955184923757004	0.14145930881183713	-5.623656011453185	1.86957760121242e-8	6.002141550053523e-7
CNAG_06099	220.24619323302682	-0.7948712481995285	0.11939580616885094	-6.6574469715913835	2.7862488079857622e-11	1.3198635961745142e-9
CNAG_00165	715.5151183640902	-0.7947369089855193	0.11808700977892876	-6.730095973074007	1.6955121536681473e-11	8.145673282941865e-10
CNAG_07512	765.8442739951129	-0.7932384849263534	0.1573270970455659	-5.041969882000756	4.607638209330984e-7	1.1187147394268131e-5
CNAG_06017	175.82451439944683	-0.7927429837770351	0.1152871832860485	-6.8762455737173775	6.145053329231945e-12	3.303697718429936e-10
CNAG_03044	27.649039137342786	-0.7902034853440929	0.2754848452646026	-2.8684100012293023	0.004125405481818516	0.027834160093464767
CNAG_01612	86.82376944398175	-0.7892019937768379	0.23060309739264942	-3.422339086942351	6.208483411715297e-4	0.006202989178607584
CNAG_02407	36.215032694541335	-0.7881556018359765	0.24142458161643285	-3.2646037804392734	0.001096172976006355	0.009861189561045217
CNAG_06267	71.57029497909144	-0.7836882594202297	0.22829359498496668	-3.4328087893654495	5.973632202643533e-4	0.0060081771737632485
CNAG_01982	516.1707074324047	-0.7810293124331051	0.1308168675901684	-5.970402187583062	2.3666943731536365e-9	8.906659824301518e-8
CNAG_06758	377.1364678994489	-0.7785462036240033	0.2460798354429544	-3.1637952058224776	0.0015572633226389686	0.01289868070407433
CNAG_03906	34.154194377778765	-0.7774267171509551	0.2005606130288862	-3.8762681536029433	1.0607078387213547e-4	0.0014415523809937156
CNAG_01242	1443.3055248371543	-0.772223468999851	0.18675231076457866	-4.135014264821181	3.549325878328563e-5	5.514480160504056e-4
CNAG_01847	41.0785031519656	-0.7707701081318743	0.1773415399361103	-4.3462468432920724	1.3848671627982203e-5	2.4115771292842404e-4
CNAG_04888	93.69467589635217	-0.7664815057498707	0.13905147096791673	-5.512214293128338	3.543471105838488e-8	1.0491549026110576e-6
CNAG_01335	85.22737627624569	-0.7639985179032726	0.18818860770417198	-4.059749031696223	4.912548895286555e-5	7.395023603704694e-4
CNAG_03154	771.2944384653165	-0.7629772199017812	0.12173261447478521	-6.2676483471060145	3.665413742718863e-10	1.5616045718979608e-8
CNAG_06727	112.42776301068628	-0.7571497308948416	0.12307940014559535	-6.151717752923561	7.664819571668122e-10	3.090564748719039e-8
CNAG_04436	577.5121611741787	-0.7458608230252717	0.09809742953853029	-7.603265717908701	2.8874975337008644e-14	2.0374904472176725e-12
CNAG_06372	60.78364265048283	-0.7427953315804859	0.23028851070806225	-3.225498872247825	0.0012575333121721346	0.010868691034700667
CNAG_02675	36.65631115927638	-0.740716068055715	0.2676963237440405	-2.767001271052027	0.005657453456835479	0.03538650943361361
CNAG_01285	22.172345746799785	-0.7403020165471187	0.22517934394775171	-3.2876106820832143	0.0010104146209966884	0.009199662154074688
CNAG_04787	20.91655385781726	-0.7391485171519969	0.2762907283340073	-2.675256320068916	0.007467213526777554	0.04339790759741535
CNAG_03161	465.15146758960594	-0.7387625305438822	0.1753697524402792	-4.212599494861362	2.5244845515240312e-5	4.1107832576980257e-4
CNAG_05636	1193.8321978711733	-0.7386747372106176	0.15439448388620794	-4.784333731476034	1.7155543920261634e-6	3.6775840036662124e-5
CNAG_02071	342.44972556901774	-0.7337610552990854	0.16291603818959943	-4.5039215503457335	6.671084128545543e-6	1.2449014844839534e-4
CNAG_05425	1220.090365498268	-0.7332828876350134	0.17243196830646754	-4.252592456241826	2.113099289077837e-5	3.54310261985477e-4
CNAG_02125	25.569494708889092	-0.7235744875880475	0.2350677973840232	-3.078152327287798	0.00208288416269395	0.016311511350391696
CNAG_01919	187.9457412993495	-0.7180674735920969	0.12540979819136072	-5.725768512093526	1.0296654485159149e-8	3.435937807018132e-7
CNAG_05812	557.2768174382777	-0.7167820257057331	0.16307481472140647	-4.395418304967988	1.1055963955238626e-5	1.9605523516436242e-4
CNAG_02516	36.958152156677514	-0.7161414432804664	0.19250459196510655	-3.7201265485151356	1.9912297933676336e-4	0.002426460367337552
CNAG_05277	2726.0580310192026	-0.7156707786731304	0.08249995046318695	-8.674802526002441	4.142687219764174e-18	3.897578225928127e-16
CNAG_05158	640.2631052379454	-0.7133726989646871	0.0990527711823381	-7.201945896611999	5.935924772744344e-13	3.5584030451832024e-11
CNAG_05843	497.59051742460116	-0.7125310406767573	0.1284616058856227	-5.54664590843717	2.9120163110397028e-8	8.806249326331672e-7
CNAG_06453	1097.5677890496675	-0.7118363685454886	0.18163176385423088	-3.9191182942911627	8.887348979466964e-5	0.001243861611299777
CNAG_01165	195.19906364121147	-0.710998718599116	0.12501488395977517	-5.687312550943032	1.2905413384327776e-8	4.223295221759598e-7
CNAG_04742	46.84637015196227	-0.7089163238033499	0.16784930168922754	-4.223528585873454	2.4050684921710854e-5	3.9543529043609057e-4
CNAG_03805	710.2256490674781	-0.7083157355880375	0.11725867905739194	-6.040625233730923	1.53518176056917e-9	6.046117003543929e-8
CNAG_00794	286.8484902304747	-0.7080614513256984	0.14953768611927346	-4.735003394133959	2.1905143318255586e-6	4.60824350428147e-5
CNAG_03078	376.0799375864205	-0.7068838280416659	0.09346196808329954	-7.563331294411047	3.928752709957959e-14	2.715650087475022e-12
CNAG_05988	40.44849777839333	-0.7042030206114638	0.16394070197235985	-4.29547398625993	1.74320478801365e-5	2.9595160987479864e-4
CNAG_07770	990.9891500824908	-0.7030026593651753	0.09438210156373765	-7.448474315762369	9.442580799065791e-14	6.396404233287166e-12
CNAG_00291	42.44829596367724	-0.7020733171975198	0.2564743694046687	-2.737401475348903	0.006192666659645156	0.03768768196996025
CNAG_07943	441.8251557082546	-0.7009396991101023	0.12043894489597436	-5.819875786154708	5.889137649366274e-9	2.0777613769170385e-7
CNAG_06311	327.1018178120374	-0.6975591582174127	0.11481799640722778	-6.075346897217773	1.2371997170670924e-9	4.901047300241219e-8
CNAG_01686	347.83951239151423	-0.6969703713787448	0.16052932371404677	-4.341701287051258	1.4138366833815419e-5	2.449444934329045e-4
CNAG_07476	757.2970249623748	-0.6966779646972091	0.12896778177107376	-5.401953535448551	6.591902721971328e-8	1.8841159931912986e-6
CNAG_03937	105.26900247701144	-0.6956526709419142	0.17919128472053641	-3.8821791585837553	1.0352455814486193e-4	0.0014138616065993846
CNAG_06409	171.38479340162044	-0.6928020431395383	0.14670079981307535	-4.722551233683112	2.3290439157171856e-6	4.8845026269561034e-5
CNAG_01865	430.61420392930137	-0.6922261724583891	0.21025031168419867	-3.292390707596812	9.93394999619183e-4	0.009075068398162685
CNAG_00697	305.526147872359	-0.6889207139662255	0.22402555903504792	-3.075188013964275	0.002103698931387429	0.016442727175321806
CNAG_05654	719.7454661248219	-0.6842265890511013	0.18759126645589672	-3.6474330707286158	2.648732761843781e-4	0.0030988800913177503
CNAG_04546	44.33288752349465	-0.6829692793887895	0.16657952320770175	-4.099959384186859	4.132226529842699e-5	6.304437502962711e-4
CNAG_07647	190.69584877671278	-0.6827076899405433	0.1237027908936653	-5.518935223760615	3.4105987496588014e-8	1.0222741562030408e-6
CNAG_01084	235.69835738835485	-0.6824441579768195	0.1317194823859456	-5.181041905230231	2.206499097277633e-7	5.70489499425904e-6
CNAG_03719	178.57566887292197	-0.6807002531410448	0.13727235834928975	-4.958756892695045	7.094567963373966e-7	1.6571932201343188e-5
CNAG_01318	417.3251291400751	-0.6802533711308291	0.10139058910431432	-6.709235809163311	1.956462865682073e-11	9.333154543753777e-10
CNAG_04039	2425.6457541475947	-0.6801677839342547	0.10711577558473988	-6.349837642693164	2.1554228880479417e-10	9.419893318475327e-9
CNAG_02662	295.67569164999884	-0.679546835044603	0.18569824748770705	-3.659414368407478	2.5279229698362736e-4	0.0029885078879006836
CNAG_03847	1972.4818361126522	-0.6781307476446791	0.13504102495775483	-5.021664696760263	5.122555200592994e-7	1.2322377499704364e-5
CNAG_04201	56.03500505697821	-0.6710751088867227	0.1523888136091947	-4.403703218057155	1.0641850320368668e-5	1.8970498439520357e-4
CNAG_02044	2160.1821004296485	-0.6702268443545993	0.10215436416137455	-6.5609222851784725	5.347598729368025e-11	2.4811393008725343e-9
CNAG_05177	205.66537025026622	-0.6697033402830757	0.18992594705149188	-3.5261287395424104	4.216819319821291e-4	0.0046146581700273704
CNAG_05908	62.113223989019865	-0.6650705498329574	0.23963198981328945	-2.7753829960313343	0.005513673465085701	0.03471154651718451
CNAG_05572	314.3548052043438	-0.6621545547863189	0.21814428536418437	-3.0353972082324994	0.0024021909163096295	0.018235257338526115
CNAG_04386	137.54446199545214	-0.6621500579252104	0.1887629822343691	-3.5078385077805216	4.517631990397281e-4	0.0048117042614703115
CNAG_02666	56.20990602811699	-0.6619853070166047	0.1989117700488668	-3.328034871209353	8.746091809592539e-4	0.00824005923757717
CNAG_06718	32.47508090450083	-0.6589930835992226	0.18786179264532712	-3.5078611479204067	4.517247557888317e-4	0.0048117042614703115
CNAG_00539	2515.2206323643222	-0.658495146938513	0.19306764364794052	-3.410696554308608	6.479716155375945e-4	0.006426588175185454
CNAG_05872	288.620733411541	-0.6579374565636754	0.1319672915396762	-4.985610062065003	6.176660561318499e-7	1.4528020361934553e-5
CNAG_04186	101.60612376910875	-0.6571628872680015	0.218627929391829	-3.005850574974902	0.002648391077720963	0.019714506769760224
CNAG_00919	485.68516987653254	-0.6541383927937918	0.1110027759161503	-5.892991300397004	3.792663820923152e-9	1.388729985023429e-7
CNAG_03223	6671.49702541722	-0.6531594583929767	0.11109208155148198	-5.8794420742786375	4.116516213657855e-9	1.491191488305792e-7
CNAG_02577	2545.139559692271	-0.652433993760262	0.17681882223120168	-3.689844698248039	2.2439099574481227e-4	0.00268081940948035
CNAG_04981	460.981369537349	-0.6492394965521547	0.17076244297885812	-3.802004031018321	1.4353039144984615e-4	0.0018379487177339466
CNAG_05803	371.2281865620739	-0.6484752569165915	0.12706379979203591	-5.103540567635665	3.333570103723736e-7	8.425971597994249e-6
CNAG_02678	68.38649497020316	-0.6478025367581538	0.14412715537174836	-4.494659837608474	6.9681246606873015e-6	1.29676034207406e-4
CNAG_02882	221.84637328498923	-0.646672636505745	0.1288070645705772	-5.020474914645804	5.154388246279226e-7	1.2337747696217481e-5
CNAG_01081	106.02023791243244	-0.643114188156851	0.15249727331592128	-4.2172176208327485	2.4733525310907277e-5	4.056777250752685e-4
CNAG_02828	415.2531039907852	-0.6414351799925926	0.1549656349598763	-4.139209187628424	3.4850506600161255e-5	5.427065096769939e-4
CNAG_04695	44.69715629682228	-0.6399386875974075	0.16630632345615898	-3.847951625039114	1.1910956485612527e-4	0.001594561644931606
CNAG_05351	1211.4949788465292	-0.6382606485297554	0.15266117119051117	-4.180897104039951	2.9036124529005903e-5	4.628016648458494e-4
CNAG_02053	28.287616680097276	-0.6372559694737883	0.22133913687134588	-2.879093044643955	0.003988206500411509	0.027179185949484472
CNAG_01369	101.24951331091087	-0.636438552525173	0.2284461551848949	-2.785945563452648	0.005337183383714695	0.033820467952556915
CNAG_01796	1448.5880366236029	-0.6349169903490501	0.15627165240712995	-4.0629057194258085	4.846560835668088e-5	7.311938329803035e-4
CNAG_06712	745.9247817908398	-0.6347561875319321	0.09413770001968892	-6.74284784309764	1.553118363650909e-11	7.62378535896468e-10
CNAG_06892	437.1856956760816	-0.6301495374060088	0.19388727696681024	-3.250081940724136	0.0011537176057204363	0.010205268978435164
CNAG_03561	191.47561506151553	-0.6300865864561047	0.13135561386119016	-4.7967998316535425	1.6122056352500916e-6	3.504052865002224e-5
CNAG_01772	200.4562489700684	-0.6294820235188636	0.159011500722851	-3.958720096705577	7.535248225586066e-5	0.0010768728160362871
CNAG_06832	54.03459825597529	-0.6290978941390724	0.20127849920044164	-3.125509662671869	0.0017749723861181074	0.014416862042642758
CNAG_04623	138.5618870106944	-0.6290951961454925	0.1613469954073112	-3.899020211423075	9.658271339918768e-5	0.0013352067358491783
CNAG_00130	702.7664159736537	-0.6287092126929646	0.13390156574724127	-4.695308894891826	2.662041426227723e-6	5.481054292178296e-5
CNAG_07851	380.5439526242181	-0.6283302273487837	0.16966441010258887	-3.703370830505108	2.1275353201807008e-4	0.0025781617636679906
CNAG_05963	254.15972510905635	-0.6265567783531902	0.13005805776831889	-4.8175160317196015	1.4535641536013168e-6	3.186551319254149e-5
CNAG_06509	93.01729685596625	-0.6251564314073284	0.12940258088892964	-4.831097085644065	1.3578276925313658e-6	3.0058577742508076e-5
CNAG_00332	588.7119935718227	-0.6206556917300724	0.1095177254848227	-5.667171126705738	1.4517433620452086e-8	4.7053155667436565e-7
CNAG_00691	406.1303668887782	-0.6198588485767196	0.111007548779537	-5.5839342044005535	2.3513769314577353e-8	7.340196927969907e-7
CNAG_07573	160.72287039644627	-0.6172783437985825	0.14887619950382835	-4.146252697582525	3.37960831519933e-5	5.299413594250061e-4
CNAG_02179	297.0649736555507	-0.6167926123308992	0.11304976381142806	-5.455938973563326	4.871472307043572e-8	1.4223859227548773e-6
CNAG_02000	186.01881066521392	-0.6157085497521134	0.21504032889933386	-2.863223623696851	0.0041935448058497	0.028210967284901627
CNAG_03463	424.39386417124325	-0.611426520303108	0.12372365501772585	-4.941872435109592	7.737583820086214e-7	1.7888871261864852e-5
CNAG_01137	2330.2397712785264	-0.6100999050132269	0.22483839627287483	-2.713504077269702	0.006657574895105147	0.03983958687229882
CNAG_06923	1905.1662734048798	-0.6097594044014921	0.21101841139556823	-2.8896028567784877	0.003857287950689232	0.026500272391449146
CNAG_02667	153.5283821428747	-0.6080377288703281	0.2032154480988682	-2.9920841872932127	0.0027707984153732316	0.02042370888546058
CNAG_02168	257.1233429786272	-0.6049989787742819	0.18491404181421028	-3.2717849485013466	0.0010687083299754777	0.009652573636338514
CNAG_06310	216.5534496757466	-0.6033893826380342	0.15509056894483908	-3.890561410298528	1.000125612144261e-4	0.0013770022147693544
CNAG_05080	756.7101403013797	-0.6006183027778988	0.10035414496875152	-5.9849874956826215	2.1640648617460643e-9	8.18959518070829e-8
CNAG_00879	1083.9467187775294	-0.6005965423543418	0.15759637615302083	-3.8109793956885314	1.384173051886527e-4	0.001792808461468324
CNAG_03829	241.78771951707472	-0.6004682107951125	0.10512392639248029	-5.712003265110778	1.1165394554643592e-8	3.689482083568571e-7
CNAG_03841	859.4956346508602	-0.599473217483355	0.13148192018855107	-4.559358553812442	5.131010218067798e-6	9.902411172988964e-5
CNAG_07824	99.49677428642322	-0.597621257551526	0.14485951178931006	-4.125523068314162	3.698931021570736e-5	5.695083113343703e-4
CNAG_03987	642.5225982410923	-0.5964656247629591	0.10282458848864041	-5.800807312045347	6.599640310275798e-9	2.2926135108619617e-7
CNAG_00261	2088.07103645019	-0.5952880453839475	0.056892593202843234	-10.463366351776662	1.2725259345117925e-25	2.2102796616366363e-23
CNAG_01803	2498.220228549096	-0.5951181635163855	0.1876861847553429	-3.1708149659078417	0.0015201193780640192	0.012697026716406493
CNAG_03308	43.24228668274373	-0.5926509400728227	0.20489880953233428	-2.8924079228449533	0.003823012226690031	0.02637177680610822
CNAG_03873	1181.2849826616698	-0.5923527786564301	0.1751141514658221	-3.3826665275081584	7.178574117031335e-4	0.007016978509202058
CNAG_02455	398.8737623381545	-0.5906052224819672	0.1819091015127473	-3.24670518171176	0.0011674925936348058	0.010270902375691135
CNAG_03899	380.1099556875559	-0.5900001112873239	0.10523110167244948	-5.606708491219679	2.0621053695981797e-8	6.527430735354238e-7
CNAG_06800	2728.865849015754	-0.5888925359833372	0.22132607094294995	-2.66074635253943	0.007796766747633723	0.04479669037190063
CNAG_00465	2007.8761032525842	-0.5875433538223445	0.21921563137129893	-2.6802073836933022	0.007357656115004061	0.04297707180914607
CNAG_06459	30.147786252612367	-0.5872572160999218	0.2008292307786099	-2.924162054612968	0.003453848852189366	0.024295298156522083
CNAG_02385	110.28068471105048	-0.5845381862321014	0.11586083325127387	-5.045175058981155	4.5310632259902637e-7	1.104079938592016e-5
CNAG_04434	91.29832933175163	-0.5837478032659122	0.18194316950148084	-3.2084073552492502	0.001334723033345122	0.01138717106785876
CNAG_06606	1343.4250073491485	-0.5835027646567329	0.11490808481602997	-5.07799573538217	3.8143725520346054e-7	9.499470465986183e-6
CNAG_03566	3247.905966727848	-0.5808219093130138	0.15157185173124285	-3.8319905884826735	1.2711060307788317e-4	0.0016784546301161416
CNAG_03775	1387.1894583222145	-0.5785952587399054	0.17056924916552785	-3.392142848553031	6.934827527888469e-4	0.006818072811889186
CNAG_02121	84.35684617534213	-0.5777744055037345	0.15043935294923153	-3.840580235004832	1.227438453255505e-4	0.0016303270749711356
CNAG_00898	67.34177725661554	-0.577235200387654	0.17494707162454654	-3.299484781468403	9.686247933684979e-4	0.008939324727899461
CNAG_04244	248.649478332525	-0.5766664415536125	0.1470135646879113	-3.922539003647674	8.762070334479517e-5	0.001231416274808387
CNAG_04611	379.9502762822588	-0.5764736455047856	0.18186427246417508	-3.1698015101803105	0.0015254310314280122	0.012725701732627284
CNAG_04514	732.5879159412025	-0.5761495253814224	0.0736653920535352	-7.821169606519089	5.2334774343917074e-15	3.895777597864772e-13
CNAG_07330	80.83991970987465	-0.5726998835972165	0.13141082742847562	-4.358087494037932	1.3120393464328915e-5	2.290658384725878e-4
CNAG_06309	332.6073917108926	-0.5717010870694461	0.1420591230868669	-4.024388400031583	5.712357450171934e-5	8.44880117193552e-4
CNAG_07937	541.6474595181804	-0.5716627101081698	0.13856788586491206	-4.125506473162735	3.699197770698597e-5	5.695083113343703e-4
CNAG_05817	1749.4158919436127	-0.5710615234701474	0.12101507592050716	-4.718928770868751	2.37089810476754e-6	4.948729099671392e-5
CNAG_01793	114.13375197296071	-0.568679057901467	0.1212695085633115	-4.689382060162099	2.7403132137851506e-6	5.6081213625923294e-5
CNAG_04398	876.1886804670971	-0.5676898541952761	0.08998155001262306	-6.308958382197658	2.8091963824694444e-10	1.2043984996739251e-8
CNAG_01093	1549.1428241416543	-0.567005528338846	0.16631424741573742	-3.409242065242291	6.514364823645914e-4	0.00645150691745284
CNAG_02182	591.2285370927991	-0.5662983260396312	0.20014627953679698	-2.8294221973559943	0.004663213670309871	0.03066855281813502
CNAG_04938	119.14865086585708	-0.5661210525502499	0.2135797050139471	-2.6506313065339295	0.008034149106195345	0.04588813325916296
CNAG_01616	401.1917316338876	-0.5641661278415879	0.14765743554174815	-3.8207769610225797	1.3303191940580646e-4	0.0017417493525866295
CNAG_00921	66.23201036499418	-0.5635452284124783	0.15267604161884338	-3.691117626820404	2.2327084935590486e-4	0.0026768791744015918
CNAG_02600	167.92327439924088	-0.5612337341679116	0.12595703921859036	-4.455755213441675	8.35983776822951e-6	1.5339418135780524e-4
CNAG_03382	150.85404622570363	-0.5604934386834532	0.11104554179562941	-5.047419550755107	4.478172378775771e-7	1.095131396889064e-5
CNAG_03669	224.03013660787772	-0.5603661380338638	0.15491936701924738	-3.61714709281147	2.9786804699646674e-4	0.003443273294119566
CNAG_04963	837.5051269882276	-0.558800055244237	0.12460715725607016	-4.484494049534345	7.308714554510912e-6	1.3564173258152578e-4
CNAG_03365	317.7479684250261	-0.5567373148486359	0.1106135080505334	-5.0331765501397205	4.824184550624557e-7	1.167108076640384e-5
CNAG_04457	120.59151158351303	-0.5538741836686284	0.12007435774320503	-4.612759910431184	3.973571950553907e-6	7.80202214291367e-5
CNAG_03145	406.08670225933497	-0.5535890296328091	0.20001047485517884	-2.7678001866334507	0.005643604488903231	0.035332510912967185
CNAG_01422	288.7672846606216	-0.5533947370186874	0.17892455532394774	-3.0928942984754175	0.0019821472160933876	0.015667520702236416
CNAG_04886	42.627138230328114	-0.5524478334904821	0.2047892021788246	-2.6976414166996827	0.00698326169981829	0.041486139352407164
CNAG_07470	126.4766562866599	-0.5481439346188804	0.19060230010418155	-2.8758516257110736	0.004029390703788547	0.02740471147335705
CNAG_04230	1096.6852134880232	-0.546945480175843	0.1052283752392508	-5.19769956470666	2.0176987884695051e-7	5.297632400423421e-6
CNAG_02771	179.93803519959988	-0.5461574307256256	0.09337649690675248	-5.848981797539788	4.9459120357954644e-9	1.772677678861295e-7
CNAG_03874	413.68593196298815	-0.5430610016122661	0.1528597291977263	-3.5526754133510776	3.813346792714849e-4	0.0042233891625311805
CNAG_00299	252.2031464957545	-0.5397322576201635	0.11580711822686125	-4.660613836904661	3.1526773401995964e-6	6.387150008785113e-5
CNAG_00408	705.3125625845682	-0.5391056339417587	0.15331732333746986	-3.516273453033891	4.3764997619736776e-4	0.004727760430828219
CNAG_05508	334.01370466518694	-0.5374845077085235	0.15185114308854686	-3.539548644655955	4.008118943374835e-4	0.004407629500393041
CNAG_07812	249.9958049709413	-0.5354809583435516	0.09891415884099694	-5.413592600067796	6.177262540330644e-8	1.780628785029778e-6
CNAG_00647	1580.965796224827	-0.5351186826243051	0.11799818985099723	-4.534973657647026	5.761067530350236e-6	1.0870604860889276e-4
CNAG_01441	152.3142531533473	-0.5348034856785103	0.15617612390901486	-3.424361370308283	6.16246163440767e-4	0.006166102675255178
CNAG_04200	298.30836782405714	-0.5322703834912413	0.16423941192137895	-3.240820076401869	0.0011918638472160703	0.010444612808592057
CNAG_06664	59.80090313331031	-0.5320569196513929	0.1513331428546137	-3.515799048477715	4.3843269149576564e-4	0.004727760430828219
CNAG_00746	840.8679119077975	-0.5304319987884168	0.09486089376635816	-5.591682491363278	2.2487976774386126e-8	7.052479382856093e-7
CNAG_01960	150.4515433509923	-0.5258138965417699	0.152993999002904	-3.4368269341844537	5.885715507507895e-4	0.0059685384502782155
CNAG_01920	8470.506727607817	-0.5256873786553947	0.14499891624602249	-3.6254572948907473	2.8845056339010523e-4	0.0033458289664461864
CNAG_01255	772.148683781792	-0.5256339138705347	0.1616024909755543	-3.2526349729970914	0.0011434027784840532	0.010175966957913337
CNAG_06452	189.55709673092082	-0.5252455897945647	0.11479220630131717	-4.575620651595908	4.748102304031674e-6	9.215944128226521e-5
CNAG_00600	802.4164958061458	-0.5240873419825248	0.1049413394753423	-4.994098079962738	5.911135368576301e-7	1.400071013522233e-5
CNAG_07817	136.3878492189578	-0.522131538861124	0.15716918303772417	-3.322098701345292	8.934308392953822e-4	0.00835925484169464
CNAG_02821	310.99225706770966	-0.5210527389101773	0.10281962264255128	-5.067639089880717	4.0278017118695504e-7	9.921892161167895e-6
CNAG_07972	396.6922753306904	-0.5200162031795067	0.11158614843617892	-4.6602218148691374	3.158688002573093e-6	6.387150008785113e-5
CNAG_03002	6211.188524022401	-0.5198799042635074	0.1594805561079892	-3.2598325272422595	0.001114780172714277	0.00997558902241283
CNAG_02040	86.09832720878954	-0.5192238374918875	0.16254841312305307	-3.1942719557577135	0.0014018399001637753	0.011870079354636767
CNAG_07486	480.4526041668538	-0.51829159472051	0.13180134780794117	-3.9323694585866926	8.4112658516412e-5	0.0011845720349068084
CNAG_00873	539.2232473279922	-0.5180161515571214	0.1477167861810511	-3.5068198066684704	4.534961295338942e-4	0.004822578934792149
CNAG_04210	1723.8973894946073	-0.5169882128076312	0.09310635482088635	-5.552663014272108	2.8135013515899135e-8	8.546483477878956e-7
CNAG_02221	196.0832055797099	-0.5169722696546954	0.12309448389082472	-4.199800456641175	2.671503128711833e-5	4.3087529033080855e-4
CNAG_03413	539.3256651505229	-0.5169062979567097	0.1415235782201846	-3.652439434173285	2.5976087464112444e-4	0.0030548961194773903
CNAG_04741	748.7472434762757	-0.5168243614857467	0.111244060289756	-4.645860283592498	3.38662160243142e-6	6.807410900555026e-5
CNAG_07482	128.56393638354592	-0.5166093620923031	0.1773143184013403	-2.913523097006689	0.003573753989551682	0.025008894137627163
CNAG_01446	7729.43226521434	-0.5137907024251507	0.17176504946186488	-2.991241256791429	0.002778458863425896	0.020435700695816524
CNAG_05350	237.58428674801237	-0.5117484766904475	0.14225328457742192	-3.597445768726179	3.213574707249676e-4	0.0036441345173132533
CNAG_07506	505.3606484984881	-0.5112031355082873	0.12069202429741116	-4.235599978409283	2.2794225403200437e-5	3.7660508019824335e-4
CNAG_02983	281.16983547674363	-0.5107605625030829	0.13350597032500527	-3.825750723055259	1.303741657874893e-4	0.001714863299115442
CNAG_04067	89.3316480867354	-0.5106864410336684	0.17679414565693233	-2.888593619070688	0.0038696881832221215	0.026531647523427782
CNAG_05686	596.9795232060195	-0.51009361095435	0.11641364887327399	-4.381733721873366	1.1773865073451375e-5	2.0769833856135316e-4
CNAG_07325	155.19280423780782	-0.507534705431937	0.15578293310492258	-3.2579609031375942	0.0011221586551796584	0.01002836771792481
CNAG_07691	137.1102804769378	-0.5053548559200094	0.1330600396231009	-3.7979460802165086	1.4590005042772425e-4	0.0018612560105412505
CNAG_01278	436.1525674957689	-0.5027407911370303	0.09684454040250887	-5.191214590389095	2.0892666075417808e-7	5.443343076726163e-6
CNAG_01080	254.96832079254696	-0.5021536940026651	0.11845433460562906	-4.239217548893329	2.243002123963336e-5	3.724043232286186e-4
CNAG_05024	79.92641334926317	-0.5020403978416557	0.1641212223211308	-3.058960875025224	0.0022210615470695865	0.01717519511398331
CNAG_04283	631.0334547532741	-0.5009504608540527	0.0719563331543941	-6.96186755068774	3.357911397463665e-12	1.8493082769446232e-10
CNAG_06424	3293.8785299990245	-0.5009126837104603	0.09257530250415366	-5.410867371327092	6.272021253897341e-8	1.8002827107584995e-6
CNAG_04750	133.9554388334262	-0.5000052272678017	0.11775136798985475	-4.2462795617871825	2.173494119971009e-5	3.6264160513999055e-4
CNAG_04456	210.27615682723217	-0.49956063851412674	0.11029348122400387	-4.529375924761401	5.915816185714768e-6	1.1131594122786621e-4
CNAG_04853	278.10341295753096	-0.499212682732665	0.14695167378214205	-3.3971214473729296	6.809873653082621e-4	0.006714713846576663
CNAG_04167	544.3236729116389	-0.49905438757535536	0.15632490422214784	-3.192417676879985	0.0014108715545565903	0.011916762980756036
CNAG_04640	13241.043102130225	-0.4975261682170425	0.16347206466278144	-3.043493512138389	0.0023384848348902993	0.0178584444205021
CNAG_01386	134.55023110262476	-0.4972874755498981	0.09749589315355085	-5.100599209514361	3.3857984911938086e-7	8.49459221457291e-6
CNAG_02475	252.79809703882484	-0.49656142020885824	0.17055124107314618	-2.911508688440986	0.003596879038853008	0.025118823308443585
CNAG_01874	95.42612430001013	-0.4961965222073288	0.17089314839933792	-2.9035483684099015	0.003689599737892303	0.02558172837715707
CNAG_07441	343.2829705692303	-0.4957224888129257	0.0894665748639637	-5.54086807913106	3.0097589611632877e-8	9.061380979075605e-7
CNAG_00192	373.6892239645526	-0.4953526437090495	0.13337002304122916	-3.714122802212603	2.0390976391413535e-4	0.002479864884657725
CNAG_02719	148.14290303562086	-0.494771029721204	0.18224122286640657	-2.714923780356215	0.006629102540828693	0.03973450700849422
CNAG_07993	52.014858349301974	-0.4933436708722549	0.17443672549666253	-2.828209882222846	0.004680910687877009	0.030755081473985313
CNAG_06414	497.4673330573433	-0.49071579022985096	0.09289305647930839	-5.282588482155889	1.2737128349693936e-7	3.5073702211718176e-6
CNAG_06021	658.9607295457658	-0.49064340588484767	0.0950929532982744	-5.159618971406487	2.4745293636511013e-7	6.349417389913849e-6
CNAG_03543	637.6941571639088	-0.48515505606182807	0.17162254595663623	-2.8268725030125816	0.0047005038715759095	0.03082402054797213
CNAG_00275	49.852974108528564	-0.4845141432064436	0.1758314317763699	-2.75556047238852	0.005859167249790806	0.0362135026916815
CNAG_01526	1109.6460571787472	-0.4833173270581751	0.15036249835568366	-3.214347542396404	0.0013074132309921472	0.011224319132507423
CNAG_01975	635.010632941257	-0.48150194897123794	0.11880506079110967	-4.052874059109689	5.059224081698693e-5	7.548718927186552e-4
CNAG_04755	949.2112737111619	-0.4794328038325393	0.10918159790124891	-4.391150276680968	1.127525758936495e-5	1.9942191882600045e-4
CNAG_03998	306.4860421523766	-0.47683789907660323	0.14468509238907157	-3.2956947478344354	9.817862894258525e-4	0.009016545418515785
CNAG_06629	112.30216802984418	-0.47460214936789913	0.12688425853665625	-3.740433642765772	1.8370304172777457e-4	0.0022749623485629708
CNAG_00683	446.16542308828764	-0.47407400712054865	0.14726052523373623	-3.2192877647834304	0.0012850945091249515	0.0110612836147553
CNAG_04781	310.8161777901224	-0.4739462870424654	0.10059651734552577	-4.711358797984721	2.4607056444775086e-6	5.081957327954465e-5
CNAG_01734	1072.0835433954871	-0.47383285378727935	0.116032316645131	-4.083628315690985	4.4337928408554996e-5	6.719130358826657e-4
CNAG_06896	1090.1707535892879	-0.4737833060616385	0.16679055164731	-2.8405883989369234	0.0045030390711316235	0.029875590233816293
CNAG_06122	339.63364137962066	-0.4736195790011038	0.13319647078514033	-3.555796758046999	3.7683531788140805e-4	0.0041984908607379245
CNAG_04353	289.8533986611803	-0.472229471716806	0.11152607977970906	-4.234251510046558	2.293141883775519e-5	3.779499542748264e-4
CNAG_05281	134.91531286672233	-0.4718568820253151	0.09668381880048364	-4.880412129759139	1.0586437507642886e-6	2.393737346158833e-5
CNAG_04991	1425.8683183849946	-0.47113645914971936	0.16660708131689392	-2.827829738242622	0.004686472426393667	0.030761787031386333
CNAG_04277	213.59109438349446	-0.4698144841586677	0.10592485844036294	-4.4353562617520925	9.192014717252671e-6	1.669348731760579e-4
CNAG_07436	81.54702768745106	-0.46919976980608746	0.17856907292706037	-2.6275533725693934	0.008600134922779057	0.04854776163908777
CNAG_03995	279.98518435623293	-0.4691221321528115	0.15991525327413375	-2.9335671397688485	0.0033509117174539546	0.02384843346686539
CNAG_06455	319.55049690223547	-0.4679639325277475	0.12293339206855429	-3.8066462224257633	1.408640221620353e-4	0.0018116750452003372
CNAG_00663	414.0633401344632	-0.4674870585821363	0.09596137981338568	-4.8716166804942755	1.1068876238092079e-6	2.4910487586988617e-5
CNAG_04771	919.2055440904961	-0.4668338316464247	0.1404023636021743	-3.32497131579055	8.842763217756026e-4	0.008308027467001293
CNAG_04064	1739.7519003717362	-0.46584660864510813	0.150388178091036	-3.097627849199107	0.0019507623130638754	0.01546187521582107
CNAG_06901	166.7362066493822	-0.46251829842295594	0.1445129861454653	-3.200531044022506	0.0013717459146157054	0.011658979705905632
CNAG_02510	543.8868527794908	-0.46224952815443715	0.17282977285761816	-2.674594316196034	0.007481972738879986	0.043401403046805
CNAG_05442	1562.2288181399088	-0.46193963551330813	0.1121240068861479	-4.11989946080296	3.790377555206704e-5	5.822226203848121e-4
CNAG_05592	629.2333983940325	-0.4616838854750497	0.1745940679743443	-2.644327443833268	0.008185342977269892	0.046633737029458576
CNAG_00137	394.62014685270515	-0.46114704958368175	0.0986207623639384	-4.675963139302445	2.92577161241347e-6	5.9696315971351947e-5
CNAG_00466	90.5733854686482	-0.46027494755472953	0.14015224515735047	-3.28410684422482	0.0010230612908877954	0.009302304945602585
CNAG_02292	637.3409024764319	-0.45937263337765094	0.10089621473370133	-4.552922372658757	5.290579903120763e-6	1.0123838492581934e-4
CNAG_02568	58.641895066362885	-0.4577402514064272	0.13737590352032553	-3.3320272309524936	8.621581964535361e-4	0.008168195276610146
CNAG_03184	75.912981951179745	-0.4571154848050299	0.1682359572020672	-2.7171093053311504	0.006585485482157382	0.03954794207104087
CNAG_00475	172.12261679336171	-0.45671123317924356	0.15876005125816	-2.8767390131197716	0.004018077696472848	0.02735523448834882
CNAG_07554	926.405490797861	-0.4557896809141601	0.13005143420502846	-3.5046878467760636	4.571429395296941e-4	0.004846144401211499
CNAG_06098	940.8219068832653	-0.45503422382857556	0.11323193041867466	-4.018603428786281	5.8544109809804364e-5	8.640039212453481e-4
CNAG_00521	271.491592029532	-0.45417312220785455	0.10693841062531886	-4.247053229537376	2.166005129249875e-5	3.622844134700902e-4
CNAG_03867	237.19022625559822	-0.45296823898300614	0.1721713214705196	-2.630915736222461	0.008515514661286732	0.04823084976217084
CNAG_00960	648.4016681246383	-0.4513648237220085	0.11815804618270319	-3.8200092021162964	1.334466953044672e-4	0.0017417493525866295
CNAG_03865	523.2845201419007	-0.4500479540592004	0.14495098751342647	-3.1048284787815845	0.0019038939472406544	0.015190786335227554
CNAG_03345	871.7788294819488	-0.44655770346065915	0.16448596116314224	-2.714868188767487	0.006630215375427287	0.03973450700849422
CNAG_00675	195.92381693674415	-0.4459088989293126	0.11518503112200777	-3.871239991739823	1.082831174044234e-4	0.001461174974696343
CNAG_06760	619.8031961886418	-0.44550740195826705	0.11788372409926397	-3.779210449638727	1.573264185243485e-4	0.001984598061608821
CNAG_05190	623.6085902353012	-0.4450829950344689	0.1499297234095613	-2.968610792528716	0.0029914923752319515	0.021766239903137745
CNAG_03542	344.1299271798985	-0.4441869592699232	0.11828240548503044	-3.755308809019263	1.731278804976707e-4	0.0021558240119323923
CNAG_06427	197.0005886074297	-0.44196807359153656	0.14138883085557805	-3.125905143405464	0.0017725871755909757	0.01441477254196071
CNAG_02797	617.8864617574898	-0.4415454035544073	0.10518050900726882	-4.197977436331792	2.693094566967671e-5	4.333259524142281e-4
CNAG_04280	2084.6784013738575	-0.4410167190493096	0.10510845614289699	-4.1958252954428215	2.7187976228339746e-5	4.36425002300411e-4
CNAG_02843	1257.0476614248967	-0.4397753542286834	0.15817037481862412	-2.780390163031346	0.005429362299685886	0.03430830244223152
CNAG_03016	1026.2155692943093	-0.4349797531411853	0.14073590113571055	-3.0907518950813957	0.0019965038023939826	0.01573578922273749
CNAG_00262	201.2963455216868	-0.43309009293160344	0.1498019349902836	-2.8910847710992145	0.003839145480123091	0.02640240759629829
CNAG_06096	2337.776994409382	-0.432510272104437	0.15825050427883977	-2.7330735789779688	0.0062746313391881005	0.03808633753732992
CNAG_06573	335.09015830221637	-0.43227760591197495	0.10355775809203696	-4.1742657805298204	2.9894859553935826e-5	4.742570927830475e-4
CNAG_01561	175.740186872633	-0.43168937820880204	0.11339016146884616	-3.8071149438076097	1.4059740795763331e-4	0.0018116750452003372
CNAG_06665	135.19568300987015	-0.43158047994334314	0.1536482684652758	-2.8088860633068538	0.004971323704034373	0.03210271379516572
CNAG_02009	77.74154656208322	-0.43033568311222886	0.16271142802624944	-2.644778478883517	0.008174441224633207	0.04661082900308531
CNAG_00331	150.95242193527062	-0.4298956923385397	0.1560496012966928	-2.754865688642106	0.0058716233422991355	0.0362336891685231
CNAG_05887	598.2044951070676	-0.4294774784465546	0.11366112733812536	-3.7785783803544497	1.5772620942526317e-4	0.001985943016071994
CNAG_04269	422.0957123518573	-0.42946782986909926	0.10915417207200802	-3.934506778044024	8.336771626653063e-5	0.001178983110625216
CNAG_07634	1009.0396335694514	-0.429018778005973	0.12178902672052712	-3.5226390222368313	4.2727288401950015e-4	0.004660783440174065
CNAG_01263	581.3842893808913	-0.42873204145950355	0.1307263289771412	-3.279615092185994	0.0010394880107266607	0.009438997030378551
CNAG_05515	300.2387920930654	-0.42839449459734114	0.11980962489588966	-3.57562670753373	3.4938990181260026e-4	0.003918488733242639
CNAG_04069	763.6807351212082	-0.4269664254341348	0.14067245266313969	-3.0351814968106585	0.002403909773147892	0.018235257338526115
CNAG_01183	168.32064400166428	-0.426824350018085	0.12746743030938992	-3.3484973297264538	8.12510637810444e-4	0.0077520381134196445
CNAG_01984	7897.4385121574205	-0.42660588909949043	0.0874167596384458	-4.880138441002903	1.0601139708409359e-6	2.393737346158833e-5
CNAG_03911	137.73353672943318	-0.42643361333345764	0.16075790004080215	-2.6526448356517722	0.007986385609625897	0.04565381951021589
CNAG_06868	218.199694765976	-0.4231650713366448	0.14267764199534158	-2.965882148167694	0.003018161204878138	0.021936721032022002
CNAG_01813	1730.6584293029246	-0.42274369372571113	0.10210947910501213	-4.140102343397033	3.4715090734095654e-5	5.418433747298709e-4
CNAG_02078	787.1174445763306	-0.4226301447953246	0.088453290615791	-4.778003642974421	1.7704417424575899e-6	3.771374957046451e-5
CNAG_05131	257.2893416770366	-0.4225480451315169	0.095862364764818	-4.4078616897065555	1.0439617305740615e-5	1.8659094361236656e-4
CNAG_04634	192.9166429456982	-0.4207430727940453	0.15247760759407109	-2.7593761433754644	0.005791183498271229	0.03589156177245133
CNAG_03545	239.61289380577563	-0.4192218882488726	0.14662165950108735	-2.859208453071448	0.004246996053955744	0.028490324308296854
CNAG_01573	308.40296869950424	-0.41891551736639676	0.12546210846821873	-3.3389803700972696	8.408650607174954e-4	0.007988807743759206
CNAG_05411	1131.158184577801	-0.4176434111836382	0.13037148169450372	-3.2034874940080202	0.0013577393679952328	0.011568964124276361
CNAG_00648	229.60401517133857	-0.4168782475287603	0.10282308056216853	-4.054325597419821	5.0279145186112716e-5	7.52987356887156e-4
CNAG_05768	494.78646128434406	-0.41631035746982037	0.10107267333388034	-4.118921007408141	3.8065059648075124e-5	5.833771811223097e-4
CNAG_02048	246.32843104484084	-0.41580372014677164	0.11548436150136826	-3.6005197131547995	3.1758174800055277e-4	0.0036156646563531517
CNAG_05638	1242.268300212553	-0.41416171916617267	0.1441855539079335	-2.8724217367200775	0.004073389600139354	0.02762076191325724
CNAG_00989	384.9106955608511	-0.41392030211311276	0.12014477823842905	-3.4451792927003613	5.706807227520293e-4	0.0058395637702752965
CNAG_04519	304.89130939109225	-0.41229707342610605	0.09888474998244358	-4.169470757617399	3.053077841635325e-5	4.832137686737778e-4
CNAG_07692	904.8029001260801	-0.41169566393127255	0.08599330979840134	-4.78753131954605	1.688453943852336e-6	3.630980004970071e-5
CNAG_06033	468.37551930289675	-0.4102132015513979	0.08585340977413777	-4.77806533986923	1.7698987225342063e-6	3.771374957046451e-5
CNAG_02962	764.0180513974882	-0.4100343679313906	0.13481779364292154	-3.0413965163783034	0.0023548349565251374	0.01792320448932728
CNAG_07483	292.63933166245346	-0.40990774855736545	0.10008796497367925	-4.095474902153934	4.2130386900491135e-5	6.413286311548921e-4
CNAG_03883	665.3233576252723	-0.40930210798378147	0.13599975989627733	-3.0095796367283523	0.002616094858516433	0.01956007347857651
CNAG_04169	318.091732018404	-0.40905617527160204	0.08976420624358827	-4.557007658058808	5.18875330140816e-6	9.957114692277302e-5
CNAG_02307	240.1920878957173	-0.40786059122845203	0.09967316598492379	-4.091979894469727	4.277057420337546e-5	6.496140575194291e-4
CNAG_07597	294.7620894045159	-0.4078348096993461	0.1489407318858679	-2.7382355688426903	0.0061769812775071395	0.03762848127143288
CNAG_05216	382.600430691533	-0.40768376432991166	0.11848507522888344	-3.440802679513592	5.799913299043893e-4	0.005899191094252752
CNAG_02137	352.6107543194473	-0.40756959438576174	0.08913759336248143	-4.572364801553082	4.822503845809493e-6	9.333611729003859e-5
CNAG_05408	847.6920276565919	-0.40543518304279935	0.1115313995292594	-3.63516628280484	2.778013932818094e-4	0.0032389442996402355
CNAG_00398	542.9838579322568	-0.40529935505307585	0.0926303442389731	-4.37544908618132	1.2118272606303569e-5	2.132186458054555e-4
CNAG_06240	702.6760609450124	-0.4052916529891213	0.13872463006586852	-2.921555118198425	0.0034828864262508685	0.024423470653647392
CNAG_05348	589.6140225070981	-0.40350557537764437	0.11564044317897473	-3.48931190754039	4.8426573043555265e-4	0.005085916368946408
CNAG_04949	321.09925549233543	-0.40216737116427803	0.11879934418598631	-3.3852659197736386	7.110933007051697e-4	0.006960904651700607
CNAG_03957	555.5961898080425	-0.40174633928830883	0.10181910533010124	-3.945687186956049	7.957144059388234e-5	0.0011331860212479288
CNAG_01709	1763.3310513713272	-0.4014522671963719	0.09638728083443075	-4.164992141296802	3.1136328968660575e-5	4.905057963574575e-4
CNAG_02894	209.15774402223389	-0.40004371262234106	0.12213945006315562	-3.2753030443111317	0.001055486838219528	0.009558646847726048
CNAG_01234	130.43301268316108	-0.3996022942811183	0.1450083799100289	-2.7557186317718556	0.00585633509661011	0.0362135026916815
CNAG_01412	352.99796381790463	-0.3979025030209605	0.10439403982247804	-3.8115442576759486	1.381013225782686e-4	0.0017921424504697156
CNAG_02661	658.4649475583454	-0.39700663691841115	0.12045434541518474	-3.295909629079796	9.810356739976681e-4	0.009016545418515785
CNAG_02214	368.33774273175936	-0.39432717424429503	0.10401391809922424	-3.7911000897795812	1.49981493061745e-4	0.0019061437786121213
CNAG_02876	1829.0097859285809	-0.39283183150436185	0.08817225203489217	-4.455277283253552	8.378483481309115e-6	1.5339418135780524e-4
CNAG_01704	1591.1854887481734	-0.3913942176693933	0.08159846918498705	-4.79658774948445	1.6139127456166134e-6	3.504052865002224e-5
CNAG_05412	275.46611344098505	-0.3903635748513939	0.13056883830841443	-2.989714696927323	0.0027923813069712887	0.02051582535078472
CNAG_05558	264.88153479280066	-0.3870745688314433	0.1142111382046996	-3.389114012135078	7.011884957306616e-4	0.00688384184069493
CNAG_00085	179.86831172203114	-0.38610215461621866	0.09613970581491554	-4.016053006855748	5.918095023351551e-5	8.696133554920479e-4
CNAG_01385	380.90878295958345	-0.3842810746656298	0.08947596184564076	-4.29479680060407	1.7485341451110184e-5	2.9611425747455095e-4
CNAG_01090	474.9990995445094	-0.3835611347630578	0.12769915872463644	-3.003630866434667	0.0026677878771447037	0.019796247977239056
CNAG_04801	428.19367889816306	-0.383277729754711	0.1143253641973417	-3.3525170240710507	8.008031630559898e-4	0.007661921788900106
CNAG_01475	719.0417387351691	-0.3809916789846852	0.09906535129703604	-3.845862089988714	1.20129319271176e-4	0.0015987347912435092
CNAG_03686	161.8502008435913	-0.3793001720917229	0.10715734710387932	-3.5396562377008625	4.006485390970852e-4	0.004407629500393041
CNAG_02883	165.0392976004199	-0.37906101873444054	0.13580772081235	-2.7911595634404436	0.00525195741236625	0.0334194357379512
CNAG_07531	303.1368641025026	-0.37770485242601387	0.13305397475187772	-2.838734078635133	0.004529288524837308	0.02999159380962652
CNAG_02026	149.70058603368602	-0.3759936705532142	0.12458395714342439	-3.0179942841305016	0.002544537039744436	0.01908825460379713
CNAG_01270	912.1616239468315	-0.374006916596277	0.1136037717899872	-3.2922050976237145	9.94050893332848e-4	0.009075068398162685
CNAG_06728	231.62170376423106	-0.3731390935106021	0.1284681319701144	-2.9045264984269066	0.003678090674578009	0.025568726980473393
CNAG_02593	340.9077748115908	-0.371937309319773	0.10682496829325043	-3.4817450944497335	4.981576597298609e-4	0.005199568547010905
CNAG_03176	751.8816887750845	-0.3716336591087366	0.11992331041109884	-3.098927621617274	0.0019422246164421775	0.015425925609822113
CNAG_07794	313.54573838877087	-0.3702964079766459	0.11869439091270366	-3.119746477733631	0.0018100675474414232	0.014579545263220214
CNAG_07766	84.59066811415194	-0.36949904205465867	0.1334345217092421	-2.7691412785951175	0.005620425794640842	0.035225571204875974
CNAG_03763	149.37383339500855	-0.3667544673053891	0.133625685855383	-2.744640485529936	0.006057722019445365	0.03706925362016075
CNAG_03324	185.01303443527289	-0.36520932946113094	0.10858429339129166	-3.363371607945835	7.699664234043902e-4	0.0074268451481207965
CNAG_06732	251.03937684751085	-0.3647590569019748	0.12348007493637206	-2.9539912175298824	0.0031369293277936573	0.0226782916397804
CNAG_04268	207.00428198452096	-0.3643249789254994	0.11661806868443718	-3.1240868849521517	0.0017835778181981225	0.014450483920350591
CNAG_00156	1244.1186118424719	-0.36412366337115853	0.12040335205093422	-3.0241987217857798	0.0024929263039704204	0.01878429675539002
CNAG_05469	206.49550381402216	-0.3630232817487186	0.1321632366180151	-2.7467795964920785	0.00601835636731113	0.03696132913160979
CNAG_04032	977.1302706394756	-0.36252145952787473	0.13125641670849802	-2.76193323434224	0.005746022725726738	0.03573346259250443
CNAG_00780	117.74020246110022	-0.3612179928474768	0.12994113424527276	-2.779858702523353	0.005438255541911025	0.0343324725451121
CNAG_05255	105.93619239737028	-0.3601563242273016	0.13706542010016454	-2.6276235389211	0.00859836140152769	0.04854776163908777
CNAG_06120	511.136586809022	-0.3598922464394338	0.09634106659506203	-3.7356057926172066	1.8726383049781994e-4	0.002302906921176218
CNAG_03919	274.9179961198282	-0.35885861376589384	0.11834892382389973	-3.0322085082908448	0.0024277144470943833	0.018374678954879722
CNAG_05696	4377.177719751805	-0.35761065173582013	0.10193832265263938	-3.5081080640732014	4.51305687128461e-4	0.0048117042614703115
CNAG_05574	132.1782756847936	-0.354442934850842	0.12479143608390698	-2.840282522372148	0.004507359494974941	0.029875590233816293
CNAG_01938	362.42051225206893	-0.3543762890471736	0.09499584187374742	-3.730440007238962	1.911456557627926e-4	0.002345689623436879
CNAG_02795	652.5287759481299	-0.354355186236368	0.08637345823117364	-4.102593475972174	4.08544712881002e-5	6.247137438049452e-4
CNAG_06327	1055.5028842432484	-0.35434362108567763	0.09112047492069583	-3.8887376453433844	1.0076697232573575e-4	0.001378980748554614
CNAG_05663	621.9240294786255	-0.35357834075947536	0.0907802853556923	-3.8948802526241955	9.824725427906872e-5	0.0013554519358175388
CNAG_02859	206.2977292485107	-0.35342914291267347	0.11808104041388294	-2.9931066128302874	0.0027615326316990747	0.020399805940163065
CNAG_05459	444.1739270267359	-0.3533844898843261	0.11217498191712387	-3.1502968295141827	0.001631046564221169	0.01340862794421626
CNAG_05181	723.2968578625039	-0.3514760464906351	0.10207403369668244	-3.443344342940947	5.745672375513217e-4	0.00587046525968726
CNAG_01212	461.0995120154753	-0.3511671554800492	0.1079744617281204	-3.252316796579989	0.0011446836170549103	0.010175966957913337
CNAG_01508	608.463648422428	-0.3504565797471233	0.08724207196646734	-4.017059336713438	5.892889001745502e-5	8.677919586483484e-4
CNAG_01347	806.3881752828023	-0.3497000049309254	0.1042989858258481	-3.35286102891578	7.998085459316595e-4	0.007661921788900106
CNAG_04233	219.94188683677606	-0.34946487856898223	0.12251748124015001	-2.852367474678868	0.004339490277387658	0.02901846706715103
CNAG_06443	5695.375165595379	-0.348066562210006	0.10080333702135956	-3.452926981338455	5.545390876397932e-4	0.005691587544957514
CNAG_03918	622.664474671382	-0.34605670582386217	0.08797286883445532	-3.933675352511934	8.365675763589868e-5	0.0011806059921366202
CNAG_02210	152.835372557665	-0.34516255797125656	0.1281666941810627	-2.6930752967977867	0.0070796278345758926	0.041820950204046456
CNAG_05725	4208.413898328936	-0.3443975351976094	0.10885793080257748	-3.163733984822858	0.0015575909087589019	0.01289868070407433
CNAG_06638	583.0870125686322	-0.344025111310215	0.11309506541171022	-3.0419108920254763	0.0023508147473303353	0.017912732394168383
CNAG_04017	1135.1713320311246	-0.3415801374294069	0.08880780202913943	-3.846285231981401	1.1992215117362107e-4	0.0015987347912435092
CNAG_02853	871.8610542229671	-0.3403025937899989	0.1090462619620619	-3.120717644667114	0.0018041092587624667	0.01456619322867336
CNAG_03598	1805.394653206777	-0.34008600541626516	0.10825756262269952	-3.1414526355219796	0.0016811199779193284	0.013770141149244897
CNAG_05482	106.277577986585	-0.3399873959122731	0.12277949993348836	-2.769089270574076	0.005621323069452455	0.035225571204875974
CNAG_00769	363.47095987862633	-0.33981637279260585	0.11296861807901966	-3.008059924703248	0.0026292128846440313	0.019614854714293688
CNAG_01215	654.0576038975643	-0.33976603302230934	0.09042909651979031	-3.7572644878515615	1.7178090907067636e-4	0.002148035383393373
CNAG_06967	1218.6829808518398	-0.33940657744822633	0.10209396311886286	-3.324452955686247	8.859217876491645e-4	0.008311958711267923
CNAG_02325	321.39370342928044	-0.33731840660360074	0.10635972656528554	-3.171486214723846	0.0015166106602832975	0.01268335878118402
CNAG_02404	687.0582365612082	-0.33725503554477587	0.12197929461419146	-2.7648547781119777	0.005694814241057317	0.03548911837067366
CNAG_06708	89.03942533846951	-0.33629278846552213	0.125249983837169	-2.6849727094792994	0.0072535728696045635	0.042624278820808666
CNAG_06343	471.1344936425599	-0.3351019099669212	0.09533384705357889	-3.515036058269939	4.396942827608175e-4	0.004727760430828219
CNAG_05068	2668.7152619080894	-0.3322736610304673	0.10696588765098536	-3.1063516446909643	0.0018941132482776003	0.015148433463792755
CNAG_01574	1217.8836304458591	-0.3321518570421949	0.10857652657334838	-3.059149776888573	0.002219661471022048	0.01717519511398331
CNAG_01284	464.81655838806466	-0.33178721294410607	0.08611508973103421	-3.8528347816902566	1.1675817726578519e-4	0.0015661780055414433
CNAG_03152	305.4040364894101	-0.3311155356142984	0.10138609469244061	-3.2658870688209523	0.0010912175825055078	0.009829664765814242
CNAG_05888	3370.4858392872015	-0.3308448838909359	0.09480507766489531	-3.4897380186783193	4.834942803465837e-4	0.005085699153831922
CNAG_06382	127.67281986113038	-0.33078404766899855	0.11391331538282021	-2.903822494827375	0.00368637096064178	0.02558172837715707
CNAG_04752	389.7449383008179	-0.3305939332237287	0.11433506897771632	-2.8914482335088354	0.0038347076143750622	0.026398688394081982
CNAG_06909	187.48415779339308	-0.3288663165602852	0.10459747841313342	-3.1441132381924826	0.001665909615776307	0.013662072321148551
CNAG_02817	627.0353766094483	-0.3282823011713744	0.10333828527432243	-3.176773257848379	0.0014892341915618914	0.012485238135693383
CNAG_05783	2974.0959510015173	-0.32774001314570433	0.10769715537031041	-3.0431631366565752	0.0023410538301455366	0.0178584444205021
CNAG_06301	864.8771418558318	-0.3274372777071245	0.10881372277599981	-3.009154262474556	0.0026197606100382192	0.019565885746856557
CNAG_03012	24285.889995043908	-0.32443626349548926	0.12003074563412673	-2.702942998324978	0.006872853159654233	0.04094697212268934
CNAG_06834	407.9071819277119	-0.3240081770403563	0.11401590185334669	-2.8417805917731793	0.004486235456703635	0.029823119709234958
CNAG_03807	249.4125960403872	-0.32386786550146696	0.10499577942332079	-3.0845798495928123	0.002038398845058755	0.01601869347613458
CNAG_05452	456.63587294611983	-0.32221452100603465	0.08255693694017041	-3.902936966272692	9.503245828766877e-5	0.0013191595746735005
CNAG_07639	216.4101939398354	-0.321400176570757	0.11600330960565475	-2.7706121287688665	0.005595103210937097	0.03515883965759545
CNAG_02460	782.3204491545704	-0.32113188198855647	0.11484674626465706	-2.7961774489329314	0.005171099953908543	0.03304625574318534
CNAG_04054	3375.293775742944	-0.3210147056320955	0.10075842171112452	-3.185983862991107	0.001442626436345498	0.012124505558069978
CNAG_03813	665.5295693730114	-0.3195456525488266	0.10735248840286864	-2.976602194349207	0.002914619253954222	0.021275464252463253
CNAG_07964	148.78190660863527	-0.3178537491060396	0.10190161887907266	-3.1192217807966207	0.0018132941797494241	0.014579984987387998
CNAG_05441	168.07067734320495	-0.3177409475053409	0.10518097859151923	-3.020897426133668	0.0025202672164068504	0.01894815774022198
CNAG_01419	255.9507427185038	-0.31430092255390407	0.10196408162301487	-3.0824670565459344	0.0020529245212757077	0.016095498503613016
CNAG_01778	539.5730060145196	-0.31419607057399995	0.11480740552418381	-2.736723028792908	0.006205451493256497	0.0377002048567888
CNAG_06544	1768.0295396507393	-0.31301535207005293	0.11301304780706371	-2.7697275504367767	0.00561032000157442	0.03522178655297972
CNAG_00858	584.1715953243993	-0.30949341430826444	0.10582047747007493	-2.924702493388261	0.003447856775569762	0.02427835945707855
CNAG_07718	349.60928611066606	-0.30901861136399766	0.10748521943803856	-2.8749870259337005	0.0040404410022625405	0.027452304262112787
CNAG_00359	439.3460386119111	-0.3074267609840655	0.10463617281680894	-2.9380543334883895	0.0033027913524085956	0.02357545692435809
CNAG_06079	327.7035198266135	-0.30670645149309184	0.07736487651868297	-3.9644146710300094	7.357625861499876e-5	0.0010559440166483084
CNAG_05165	145.16521065329164	-0.305622314740941	0.1124558858641172	-2.7177084809080676	0.006573572748675311	0.03951143016816908
CNAG_02254	241.20368055462663	-0.305416308098743	0.09085697711715057	-3.3615063783702666	7.7518566222417e-4	0.007448379682136919
CNAG_05254	236.7735028943199	-0.3041291304644441	0.0919630304773963	-3.307080343977968	9.427384873363129e-4	0.008736129293045396
CNAG_02870	405.8739412290529	-0.30364934184055486	0.10579399070879024	-2.870194609412018	0.004102192401836106	0.02770513592227097
CNAG_07974	592.8615333854945	-0.30060295907698104	0.10761114426282715	-2.7934184803647732	0.00521541725557417	0.03326670102566801
CNAG_07773	295.0365245628571	-0.3003863804217029	0.08119022181738954	-3.6997851920804257	2.1578203182645255e-4	0.002595441995691271
CNAG_02435	1091.1268655900697	-0.2989682033901748	0.10857358461064276	-2.753599823219514	0.005894379171608052	0.03629865864406632
CNAG_06792	654.0172295264052	-0.29763545897615146	0.10785772124313546	-2.7595192587576967	0.005788647508459238	0.03589156177245133
CNAG_04474	202.85254980299192	-0.29635450302951466	0.10871460958097569	-2.72598599371114	0.006410971875507247	0.038732795408864394
CNAG_05192	377.3839092831388	-0.29620219653257324	0.1109533792810763	-2.66960951033505	0.00759395051499423	0.04385457867738356
CNAG_04403	714.5810339130719	-0.2937529652727965	0.09715217203521156	-3.0236376513160144	0.002497553794259276	0.01879825489145815
CNAG_07570	1063.7807669117367	-0.293716475518828	0.09617379337817769	-3.054017785945768	0.002257986935992733	0.01740114164324775
CNAG_04871	325.4230114827456	-0.29211264219187705	0.10348079797317128	-2.822868086769209	0.004759615065402639	0.031121266846561274
CNAG_07669	662.1878340593861	-0.2909080613188457	0.10802389928973957	-2.692997227757701	0.007081285781523661	0.041820950204046456
CNAG_07029	739.9492293196517	-0.2901693543501365	0.09194546603360586	-3.155885405421517	0.001600117130972315	0.0132185285917152
CNAG_07864	889.817834267531	-0.28871602634003074	0.10392242925531417	-2.7781878118988157	0.005466301271252164	0.03444532540601131
CNAG_01357	242.1016288070284	-0.2878359579657254	0.10678797131438328	-2.6953968169161837	0.0070304848765402475	0.041656461578122854
CNAG_03052	499.8936275954602	-0.28610592922554234	0.09768862755521153	-2.92875369821161	0.0034032397845580706	0.024089390073768414
CNAG_02682	191.83452591959713	-0.285225617283956	0.10898039273479523	-2.6172195761677526	0.008864929512583908	0.04987627285568388
CNAG_01178	532.2123100093504	-0.283312304408515	0.10329896692116247	-2.7426441217436213	0.006094669811258211	0.03726109503742159
CNAG_00090	296.17554229981766	-0.28135797703968995	0.10486743579517757	-2.682987096101271	0.007296780571291577	0.04268427598439477
CNAG_03558	366.5549133526927	-0.2778777259645826	0.09629367644836735	-2.8857318176399733	0.0039050475541076513	0.02671999205204569
CNAG_06092	518.7895617493734	-0.277488005478356	0.10053791585746254	-2.7600333974673212	0.005779545281341837	0.03588509599982548
CNAG_04328	1114.594494548413	-0.2770380334269461	0.09031802867899653	-3.067361383756279	0.0021595759600506353	0.016795599946478765
CNAG_03315	1818.1211406737955	-0.27697051215187124	0.062149118442412644	-4.456547720922414	8.329006683801696e-6	1.5339418135780524e-4
CNAG_03023	390.24848257168304	-0.2763191104565326	0.0757503734322509	-3.6477590530119963	2.645375390552547e-4	0.0030988800913177503
CNAG_06114	732.7828365680049	-0.27491842108074077	0.09308169359303589	-2.9535176087654404	0.003141746840420575	0.022681100549278355
CNAG_06441	364.4685311577846	-0.2748638133084345	0.10417433271726699	-2.6384984298812366	0.00832740860093033	0.047403248624119376
CNAG_06428	240.3002958434495	-0.2747310662450161	0.10096967797632524	-2.720926438028587	0.006509924635147436	0.03916618194512171
CNAG_06348	267.13830960337623	-0.2742525361535235	0.0983774043301325	-2.787759425255758	0.005307394073647438	0.0336947398827439
CNAG_04653	252.9534806407677	-0.2738978630562602	0.09728493574586743	-2.8154190672618613	0.004871366508725807	0.03160788958822665
CNAG_02236	314.6810290659882	-0.2713985571212964	0.09652179464971788	-2.8117852357202278	0.004926738661560822	0.03187557563840784
CNAG_06526	971.8434948600852	-0.2711123747852832	0.10234376912700728	-2.649036449388886	0.008072162514291029	0.046066410170014685
CNAG_01169	357.7266626439144	-0.2697364403841384	0.0901302202728107	-2.9927413864926384	0.0027648392596436627	0.020401983817893436
CNAG_07438	371.2140954044298	-0.2688463769807253	0.0902253951921149	-2.9797195834751045	0.0028851236331330268	0.02108287755215008
CNAG_02918	901.2689094913786	-0.2676048355011769	0.09871578965975943	-2.710861518947698	0.006710864725828569	0.04011961323157572
CNAG_02663	401.01761370159926	-0.2666516347827363	0.09655288372925121	-2.7617159061811924	0.005749848571867409	0.03573346259250443
CNAG_03596	844.12845318549	-0.26522370881059076	0.08997210699409769	-2.9478437003591553	0.0031999881153524094	0.023011379504667966
CNAG_06681	252.75814933881784	-0.26461523005404175	0.09854331277886383	-2.685268260139089	0.0072471612435035465	0.042624278820808666
CNAG_00692	385.4630639889316	-0.25984689901548025	0.07569951887961925	-3.4326096501181254	5.978020984819058e-4	0.0060081771737632485
CNAG_02823	202.36667032437447	-0.2595684406311473	0.09640769357708504	-2.6924038009850664	0.007093899746519473	0.041843421299909075
CNAG_02123	224.54071628506702	-0.2592326899232359	0.07599058679346567	-3.4113789728693997	6.463518802446169e-4	0.006426588175185454
CNAG_01266	748.6968421144284	-0.2560896412311275	0.09095010539480515	-2.815715717089809	0.00486687112417285	0.03160788958822665
CNAG_04179	690.7609424249796	-0.2541551668276779	0.09401312940680197	-2.7034007742464263	0.006863393660965409	0.04092660973536944
CNAG_03959	1461.0758182646564	-0.2530956147835154	0.09201124821903653	-2.7507029812378043	0.0059467536137255425	0.03658792822831682
CNAG_00565	959.1080009233127	-0.2514203582649697	0.07618831486462754	-3.2999858142511345	9.668971577722354e-4	0.008935554361185706
CNAG_03863	923.9209697455141	-0.24876899758756854	0.09336858364288027	-2.6643758305156444	0.007713133568975474	0.04442922346619036
CNAG_07848	245.00235383269887	-0.24802075438206436	0.09285695106958251	-2.6709982561909618	0.007562603969092981	0.04374814627381371
CNAG_00604	231.7856661740625	-0.2442787975525865	0.08623628263851969	-2.832668455533274	0.004616123645586848	0.030456338096937624
CNAG_07498	659.8361547430225	-0.24342994115732727	0.0773959144648152	-3.145255700389618	0.0016594172307256663	0.013625324025376561
CNAG_01004	272.66451876258293	-0.24133754939616692	0.08781542709895097	-2.7482363562865357	0.005991679971676784	0.03683088940847417
CNAG_06030	331.2777218498338	-0.23931331556028573	0.07901388202988	-3.02875025770518	0.002455675937172678	0.018544870455304036
CNAG_05734	640.2254245350686	-0.23520308889502364	0.08851728819760367	-2.65714295686468	0.007880601742135174	0.045163448562794986
CNAG_02213	620.8750034764273	-0.2318348710212891	0.07717326297692174	-3.0040827882399905	0.0026638282892064553	0.019796247977239056
CNAG_06473	982.2214100815221	-0.2307951528541927	0.08614694839739545	-2.679086806296792	0.00738232527938044	0.043036033943651554
CNAG_05886	1104.6490543945124	-0.23029735810769725	0.06911366997522567	-3.332153511602685	8.617670595544079e-4	0.008168195276610146
CNAG_07333	807.3507402606913	-0.22535824029081716	0.0722305478092972	-3.1199852019094063	0.0018086012564927636	0.014579545263220214
CNAG_02827	536.9634115382476	-0.21624808615159047	0.0822980404938141	-2.6276213243235684	0.00859841737258875	0.04854776163908777
CNAG_04478	647.8782837632101	-0.21527690260729318	0.0727674608931542	-2.9584226241367446	0.003092178603432498	0.022426571584209576
CNAG_01752	1316.461791474681	-0.21219079334664045	0.07292805030797485	-2.9095909248987137	0.0036190210036614453	0.025195527521893763
CNAG_05650	1263.7310037024429	-0.21148693074355712	0.05853154516242406	-3.61321284371845	3.024262508073685e-4	0.0034781586128507878
CNAG_05845	1505.7274692743829	-0.18297815781324203	0.06512928195691438	-2.809460695947629	0.004962457806715715	0.03207603929646207
