gene	baseMean	estimate	stderror	statistic	p.value	p.adjusted
CNAG_01551	927.894433638484	-4.087279838358	0.2523177471052552	-16.198939175899415	5.130447634015336e-59	3.47587827204539e-55
CNAG_00302	25.928202416376752	-2.804547449757562	0.2624717373788689	-10.685140723205922	1.1946773546495699e-26	2.697979692583612e-23
CNAG_06802	214.58500955239393	-2.68944139681067	0.4047651641376346	-6.64444876954916	3.0435394290097453e-11	4.123995926308205e-9
CNAG_03658	5.175518195648512	-2.1761899395070214	0.6979597562289949	-3.1179303965385525	0.0018212580957085835	0.014533596700148001
CNAG_03172	50.60940901786692	-2.1435923401367165	0.47646311084961834	-4.498968107550469	6.82840995363563e-6	1.98290407204219e-4
CNAG_01252	5.9963629987218905	-1.995591087076179	0.45515708240294467	-4.384400823866579	1.1630545383242596e-5	2.947286263706332e-4
CNAG_03461	143.9435896223571	-1.7959516335289347	0.1751988623148414	-10.250932054007958	1.1720780526891509e-24	1.985207201742249e-21
CNAG_05513	5.477530435650569	-1.7747331451725017	0.5838356233957479	-3.039782216182986	0.002367492767862413	0.01773688998218101
CNAG_01909	11.70597675381105	-1.7697233204863054	0.5321194845328537	-3.3258006367497344	8.816496429755768e-4	0.008307616594102273
CNAG_07896	18.18556876160002	-1.7387544555419523	0.2532748156912202	-6.865090201710989	6.644925245342201e-12	1.098033378955937e-9
CNAG_07893	4.410457180812268	-1.6880338280051341	0.5825914285165508	-2.8974573695726438	0.0037620086234059877	0.025036943441626294
CNAG_00539	419.61683210307194	-1.6097198553029863	0.2245254894878524	-7.169430334946793	7.531047971257469e-13	1.4577957144362674e-10
CNAG_03784	6.155067432689929	-1.6007492515260713	0.41072562349796604	-3.8973688514809655	9.724345290530418e-5	0.0016159827978750414
CNAG_02194	8.998846748089923	-1.5549740509064718	0.48639898774943663	-3.196910540668108	0.001389079997618026	0.01187487888127155
CNAG_06163	107.47846384520523	-1.5268902073684882	0.23822087850297446	-6.409556613860876	1.4594344714487396e-10	1.7346786919412648e-8
CNAG_03906	41.84784235201863	-1.4954598258788305	0.32517589196658536	-4.5989258823421695	4.246748245133168e-6	1.38993813337088e-4
CNAG_05867	1040.7823374691532	-1.487124813865316	0.1758888866673793	-8.454910608864072	2.7930124002740207e-17	1.3516185008468921e-14
CNAG_06910	26.46487522444837	-1.474646792120722	0.31011997622233134	-4.755084822602713	1.983631143921155e-6	7.813430813991759e-5
CNAG_05303	1905.708346116206	-1.4577431667197345	0.4017543433651069	-3.628444074828494	2.851344989430296e-4	0.003616627813402673
CNAG_06152	15.571033933860358	-1.4224017357794903	0.29428879756459153	-4.833353316710252	1.3425220814287334e-6	5.8305045523587624e-5
CNAG_06939	8.37559421243014	-1.4212877411441915	0.37989956653840556	-3.741219696812968	1.8312934682510388e-4	0.002584794426541831
CNAG_02475	1361.2191009870512	-1.3932901836478073	0.2653251473762247	-5.251255666588419	1.5106582389846598e-7	9.3042814264737e-6
CNAG_05971	31.48518105531614	-1.376469513710081	0.18657668073009254	-7.37750027668958	1.6128903640257284e-13	3.6424440720914367e-11
CNAG_07626	1408.2482643444257	-1.361318215966092	0.1065681620595109	-12.774154960145511	2.2861714410998568e-37	7.744405756725764e-34
CNAG_00890	12.490207902319332	-1.354344358198206	0.37703544720578497	-3.59208760936212	3.2803952140100367e-4	0.003997244168150719
CNAG_02822	371.99430846614837	-1.3502248361758624	0.1859954571893551	-7.2594506155128755	3.8866565852575104e-13	7.97942374700595e-11
CNAG_00735	18.066476450943178	-1.3360247242006542	0.4115058313014315	-3.2466726412486846	0.0011676260739233305	0.010246977526982596
CNAG_06142	11.57362955254484	-1.3315659387805419	0.33451367488497175	-3.980602405083809	6.874084312803745e-5	0.0012343669311114765
CNAG_04626	67.82999027524596	-1.258313911733429	0.24774524962995967	-5.079063730234535	3.792994682058984e-7	2.072382175076582e-5
CNAG_04297	7.9339025756041925	-1.2499594085594292	0.35304249316389774	-3.5405352974865365	3.993162175992576e-4	0.004600964922168317
CNAG_02562	43.860747075028755	-1.2017713099471536	0.2741344478356126	-4.383875574323325	1.1658637913997004e-5	2.947286263706332e-4
CNAG_05653	84.74927755969993	-1.1877706188503447	0.23585542282483216	-5.036011487988945	4.7533204478644305e-7	2.4583012239909554e-5
CNAG_07840	44.47331450903847	-1.179559065655317	0.3141086963295529	-3.7552575889772912	1.731632913691045e-4	0.0024855535996306847
CNAG_03666	164.68370807260027	-1.1770391263089415	0.3676790315409569	-3.2012680227532297	0.0013682419713638959	0.011763755527906592
CNAG_05721	171.3139849566292	-1.1667489954437056	0.24317559327407184	-4.797969153626028	1.60282454915635e-6	6.703170568231032e-5
CNAG_07747	40.988295296954405	-1.1528040130437673	0.22248312785782462	-5.181534546657641	2.2006781848603646e-7	1.2853098881404284e-5
CNAG_07661	26.465151371417736	-1.1457209896349863	0.25100312058765256	-4.564568707164301	5.005222611818677e-6	1.5626904698189649e-4
CNAG_06203	12.114605730800667	-1.141055345309783	0.3233328821595588	-3.529042074807267	4.170668153734594e-4	0.004756948946389205
CNAG_05614	16.786401798847816	-1.1365566741737485	0.28190754582919114	-4.031664604190455	5.538318649549657e-5	0.0010393935969722694
CNAG_05580	10.337033226513723	-1.1306144334556767	0.34807764243675704	-3.248167350079373	0.001161509342170161	0.010221905870697885
CNAG_07970	8.439315140692237	-1.1242240528770435	0.4125902354874811	-2.7247955869550746	0.006434130838742453	0.037513972833459655
CNAG_03785	70.92945103915811	-1.1201737677317816	0.19353573047357173	-5.78794295498188	7.1253598973797316e-9	6.110672570221226e-7
CNAG_00172	25.374504683378138	-1.1127425518595007	0.3144235395631136	-3.538992511202051	4.0165724730522006e-4	0.004617543443979132
CNAG_07674	53.071189525504344	-1.1110590196302577	0.17274682843639946	-6.431718774155778	1.2616901749385113e-10	1.554172897310621e-8
CNAG_04886	7.375733435887109	-1.0969619709130367	0.3458579005565185	-3.171712917784789	0.0015154273358164115	0.012706708168510132
CNAG_07363	585.2377377017434	-1.0914317708465717	0.20440588182342884	-5.339532116739083	9.318676123243041e-8	6.3771748217143035e-6
CNAG_03637	84.33497819546558	-1.0901290383026672	0.30806007819495973	-3.5386897409432105	4.021181744572233e-4	0.004617543443979132
CNAG_06431	41.18584853744803	-1.0882272617804318	0.268678247028591	-4.05029909870087	5.115220942199688e-5	9.734725248146878e-4
CNAG_00409	142.3325181142707	-1.0776914910179738	0.19342213212828288	-5.571707224813442	2.522550822132605e-8	1.8989202022164884e-6
CNAG_00407	438.59993161282625	-1.0740733224243628	0.3240536026177199	-3.3144927683196515	9.180955466355994e-4	0.00855923434806533
CNAG_03516	396.20317614141044	-1.0697438436050115	0.2040680390318273	-5.242094002962266	1.5876444587669652e-7	9.690352439771342e-6
CNAG_04308	39.358415365259795	-1.0674091062156743	0.1933707803491617	-5.520012404605791	3.389757326114079e-8	2.4962615091764007e-6
CNAG_01334	50.82832961785917	-1.0647235511899882	0.32118713030596885	-3.31496330558361	9.165515520935311e-4	0.00855923434806533
CNAG_07851	1133.4069265589947	-1.0645982557566553	0.22833096078035908	-4.662522559876302	3.1235683305773166e-6	1.1196918222043027e-4
CNAG_03067	14.398905721032355	-1.0611322208052916	0.386237411216731	-2.747357428330147	0.006007762249525214	0.03554811287382823
CNAG_07791	165.68035443065077	-1.0598076356757682	0.2894805607682504	-3.6610666804815915	2.5116737378493763e-4	0.0033033694487801064
CNAG_05916	128.24353527851946	-1.0595623226277766	0.14884307614729056	-7.1186537530255425	1.0898631389239268e-12	1.995627774651244e-10
CNAG_04275	7.783415527484395	-1.0593212284028655	0.3682441553218466	-2.876681715360873	0.004018807294823917	0.02623065454954917
CNAG_00587	13.550797084426275	-1.0538693505893955	0.30829641489863185	-3.418363949953517	6.299880444941116e-4	0.006489670054760131
CNAG_04357	10.605888250473335	-1.0377889854005362	0.30654008150555623	-3.385491973198049	7.105078745774647e-4	0.0071313938522404785
CNAG_01674	40.26940494538122	-1.033958852940229	0.2050659970928513	-5.042078489843762	4.6050231449692713e-7	2.4374243599349074e-5
CNAG_04217	6938.11325093201	-1.0306216458620496	0.30575368123353336	-3.370757930711111	7.496169535619418e-4	0.007349717598237562
CNAG_03517	254.09306697532432	-1.0294875080388102	0.2390917990677491	-4.30582526064432	1.663643450154112e-5	3.886615301653141e-4
CNAG_00490	160.05796626269972	-1.0272705796302737	0.19279827601895597	-5.328214550680278	9.918292185500563e-8	6.719642955676631e-6
CNAG_05654	405.15243189529343	-1.0053256099825212	0.17863899977096162	-5.6276939037471045	1.8263480769240118e-8	1.3902818226022673e-6
CNAG_03738	128.1264086664065	-1.0044745752908255	0.22033424862054116	-4.558867182835148	5.1430282532023626e-6	1.5910509778742468e-4
CNAG_01732	22.046016221662967	-1.0027977082843296	0.21644256929010475	-4.6330890987541755	3.6024939888031342e-6	1.2389287702609765e-4
CNAG_02872	22.27294725403486	-1.0023457099389501	0.2672809586090687	-3.750157568856239	1.767234870271789e-4	0.002515339547498187
CNAG_01561	48.742905915261744	-0.9999836377315084	0.20549461550426887	-4.86622793146001	1.1374832705545292e-6	5.070032340794036e-5
CNAG_02147	55.42054440586248	-0.9980537477525033	0.1962506830597014	-5.08560649161606	3.6645314409129705e-7	2.0184715863565344e-5
CNAG_01307	178.73481902249347	-0.9897207016105342	0.17106673502399716	-5.7855824598025825	7.226150198246329e-9	6.11964594913986e-7
CNAG_05962	76.11169227082596	-0.9894854381421793	0.2066361161832484	-4.788540630838642	1.6799855226218332e-6	6.94018409497739e-5
CNAG_02053	26.009144532552153	-0.9827511464784756	0.22170501526469616	-4.432696956833195	9.306162448534635e-6	2.4822539601898483e-4
CNAG_06672	10.334869051550886	-0.9798766353548931	0.33746851520406684	-2.903609051535853	0.0036888847647823884	0.024695844151581704
CNAG_05599	171.85977228188347	-0.977528935768531	0.25923184350560247	-3.7708675082095184	1.6268103217286506e-4	0.002401486113870239
CNAG_05699	25.536689245079902	-0.9764621003379587	0.3666627126825317	-2.6631071733312863	0.0077422750885425455	0.04285450467718607
CNAG_01865	600.2361878272303	-0.9751909645238978	0.17086620188292162	-5.707336815458118	1.1475755421850194e-8	9.255743212266078e-7
CNAG_03872	212.468490665556	-0.9670248205897979	0.2185101957910152	-4.425536378699087	9.62029419510966e-6	2.536089228477352e-4
CNAG_07389	147.77008897637057	-0.9649739590229894	0.16915949552842185	-5.704521380893196	1.1667044942406184e-8	9.299321115859047e-7
CNAG_06242	440.06037311935864	-0.960242713172852	0.1160009462400029	-8.277886899182143	1.2538022433071755e-16	5.3090688740038215e-14
CNAG_02065	22.834250862286886	-0.955292374150007	0.2407819656908792	-3.9674581582925974	7.264326062071318e-5	0.0012850080697267149
CNAG_06302	7.908774333977199	-0.9416601461676024	0.35135878572631124	-2.680052938539874	0.0073610517774044685	0.04147299005492207
CNAG_03500	36.05232233052279	-0.937683947269676	0.33409524544943037	-2.806636610491982	0.005006168036880597	0.03080543910069577
CNAG_02013	13.562883192832933	-0.927200753523334	0.3110359594473181	-2.9810082254504695	0.0028730107585529913	0.020318004059704086
CNAG_04392	63.851307637216294	-0.9263736422045376	0.21628033779826486	-4.283207857149784	1.8421792782994104e-5	4.259646624736691e-4
CNAG_05686	159.3433012223094	-0.9251748365094155	0.1370034905405775	-6.752928942605287	1.4488991300154336e-11	2.0450607512197008e-9
CNAG_01082	24.476299804607628	-0.9188043762110031	0.2616162945469996	-3.512030387105491	4.44697150198514e-4	0.00502137198765822
CNAG_06140	1165.1802524296793	-0.9101902014833614	0.31936537014651867	-2.8499965449158866	0.004371970402034325	0.02804817363545971
CNAG_01664	23.16284473111908	-0.8984001433605987	0.3046684179822428	-2.948780018981031	0.0031903097468498603	0.02196580135661362
CNAG_04386	151.88708416230082	-0.898310855674112	0.15013586516008814	-5.9833195400463	2.186352463828783e-9	2.116076848920001e-7
CNAG_01742	36.736507514525165	-0.896714193345512	0.19392486168535608	-4.624029046881232	3.763571286024158e-6	1.2677288160964045e-4
CNAG_04745	35.42288846471165	-0.894917503066355	0.2581090430784897	-3.4672070857827904	5.258965631799843e-4	0.0056644661614378275
CNAG_07869	111.01005446539286	-0.8948816975703159	0.23942682033250762	-3.73760005803667	1.8578516330700819e-4	0.0026084188334604967
CNAG_00597	42.75141820981338	-0.8914607654154372	0.2045287960641435	-4.358607602304865	1.3089256226854368e-5	3.217068448961628e-4
CNAG_04931	24.066948005430532	-0.8871258186745105	0.26812189241893397	-3.3086661095484056	9.37415580104041e-4	0.008676216605471144
CNAG_02381	40.36334033640382	-0.8864581877370882	0.19579969686052365	-4.527372625957382	5.972157658436957e-6	1.7746214094697537e-4
CNAG_04213	17.28910473790601	-0.8837577377540102	0.2699367569795929	-3.2739436734835703	0.0010605774986339035	0.0095171027195294
CNAG_01131	363.92752621431515	-0.8799584036939079	0.09303040972200127	-9.458825413361602	3.114216585079401e-21	3.0141167662732775e-18
CNAG_01612	124.45939886066985	-0.8747705324758704	0.1432059783840392	-6.10847774895246	1.0058587961124098e-9	1.017118409501728e-7
CNAG_06096	3472.5494261289323	-0.8676838689198866	0.27365057035484286	-3.1707731059897313	0.0015203384335982296	0.012716410972380254
CNAG_00075	24.48318268254799	-0.8676571292363708	0.2669312555727979	-3.2504890720814896	0.001152066959837442	0.010189626178718889
CNAG_03794	22.655316618446136	-0.867110981546685	0.24095009722450808	-3.5987160475753788	3.197921228847869e-4	0.003913436101645653
CNAG_00979	28825.919375214336	-0.8652471069252264	0.16280140379758476	-5.314739840947629	1.0680981572408247e-7	7.164717836937214e-6
CNAG_04583	308.3721960165277	-0.8625544867461329	0.2525387445400785	-3.4155332811090435	6.365724996687307e-4	0.006526620521365935
CNAG_00651	31.36065357683914	-0.8598179777586265	0.2775100410458637	-3.098331053241153	0.0019461389721798141	0.015295929856749699
CNAG_02764	43.94596544007849	-0.8510394488730455	0.24930320416606033	-3.4136723261132653	6.409361070915635e-4	0.0065495356343067005
CNAG_04648	26.180995032262278	-0.846669696514091	0.3052711406557145	-2.7735006155362947	0.005545673546434442	0.033338010893605455
CNAG_05988	65.12679565457438	-0.8465111832526464	0.17925004854993412	-4.722515782286283	2.3294500648825105e-6	8.916397847219778e-5
CNAG_02295	41.29446905008617	-0.8384604995067011	0.18815477131904237	-4.456227676974375	8.341444315225178e-6	2.3161182473627288e-4
CNAG_00499	42.655071673042826	-0.8308219310156696	0.2890365668983845	-2.8744526685018323	0.00404728427848532	0.02636572210263273
CNAG_06963	183.5729446983581	-0.8272957440604807	0.27919570608741495	-2.9631392103195813	0.003045188144640543	0.02116015351788685
CNAG_00247	23.875229843542247	-0.826788817039646	0.2468513016425428	-3.349339507380405	8.100446988681801e-4	0.007784472106144568
CNAG_00426	51.77544782737159	-0.8235636096482959	0.2050997374680995	-4.01542985776074	5.9337544841858815e-5	0.0011014023734345025
CNAG_02659	68.89531060255396	-0.8227029098145009	0.20179075603523552	-4.077009898663769	4.561855143790218e-5	8.927476692541622e-4
CNAG_01137	6264.262745366877	-0.8212834070779345	0.2043121341293166	-4.019748560592658	5.8260286487424456e-5	0.001084377585033793
CNAG_02438	60.147152577503256	-0.8206706232838427	0.2180846909241499	-3.763082221893663	1.6783199164409237e-4	0.002455214305398834
CNAG_03729	57.99347640844272	-0.8194799346534205	0.2317083159967978	-3.536687628702742	4.051785816533122e-4	0.004636967720779037
CNAG_04938	34.820839886788505	-0.8186833340532333	0.21767417759420005	-3.7610493954844153	1.6920200948337033e-4	0.002465255084408245
CNAG_01419	60.96660899960059	-0.8186526632159893	0.1787686700369227	-4.5793967312443815	4.66318953427292e-6	1.4700237609822076e-4
CNAG_00192	393.59011178194004	-0.8161702893262772	0.11398268670526933	-7.160475971554251	8.039742205020842e-13	1.5130348177504502e-10
CNAG_06452	51.61446107523513	-0.8126384239730903	0.17249275901338396	-4.711145143837815	2.4632871556975552e-6	9.21459359978306e-5
CNAG_04096	12.383608838999413	-0.8102148775890984	0.2665690835917278	-3.0394180250475267	0.0023703570079455726	0.01773688998218101
CNAG_06629	376.327787103587	-0.807541630255424	0.11838996177520193	-6.821031260984598	9.03892678717206e-12	1.3312767170237111e-9
CNAG_03045	119.02080841453468	-0.8051597922669991	0.17315492122683587	-4.649938832591573	3.3203348793504694e-6	1.16555796930567e-4
CNAG_02662	107.89336609274967	-0.8040654904611428	0.3008453104790822	-2.672687465796644	0.007524631809464515	0.042015894220467774
CNAG_02045	58.11341703636672	-0.8006292668210409	0.1568865752603237	-5.103236306182014	3.3389364631055386e-7	1.854204470290166e-5
CNAG_04388	100.6706560904411	-0.7986169422666162	0.1744634035796129	-4.577561401879811	4.704277311295782e-6	1.4755314251865243e-4
CNAG_05724	27.351194749610006	-0.7981938981998203	0.3057040131591905	-2.6110023546997847	0.009027727216464044	0.048221090554026076
CNAG_01441	45.98909150113049	-0.7974157791525288	0.2679565603042176	-2.9759143730133095	0.0029211641219777157	0.020466273967320602
CNAG_05531	22.55596906675043	-0.7962247626806064	0.25330207850646197	-3.143380296661458	0.0016700870737002217	0.013648781573364297
CNAG_04387	193.60553020761535	-0.7940102303836604	0.2170832979186348	-3.657629297124757	2.5455885480417715e-4	0.0033358534647936174
CNAG_04600	106.49090185189074	-0.7852278540203583	0.22656166532331962	-3.4658460551999486	5.285658297424468e-4	0.005675171943748141
CNAG_06758	1947.258535246603	-0.7844904044740828	0.16611520626607973	-4.722568283228106	2.328848611704045e-6	8.916397847219778e-5
CNAG_04861	50.91265688027936	-0.7815389002722886	0.21570125448769478	-3.6232468936191253	2.9092788112236524e-4	0.0036433205075859973
CNAG_00126	277.9562320124674	-0.7801146621389623	0.1850083339877196	-4.216646057635136	2.4796270514952128e-5	5.436722742356008e-4
CNAG_05990	46.51705522426182	-0.7726179819001284	0.2583141393750077	-2.991001513774977	0.0027806411488351212	0.019824767673911323
CNAG_00261	1581.135588814316	-0.7691097302794078	0.08960765615145902	-8.583080545923696	9.236563417845336e-18	4.813670550454012e-15
CNAG_04984	27.926361329235455	-0.7676964521618412	0.20133619555997703	-3.813007641406179	1.3728586627915048e-4	0.0021043252127629967
CNAG_00099	176.91524321067354	-0.7650377112027674	0.11182269125349109	-6.841524762344539	7.835465678575134e-12	1.2345413947057333e-9
CNAG_05910	27.31961509310332	-0.7603912912590317	0.2069849012312073	-3.673655840285933	2.3910473538762283e-4	0.003163934730959267
CNAG_00425	122.31342963747	-0.7601889620723019	0.2198549335268554	-3.457684346116547	5.448393433416487e-4	0.00582009574439539
CNAG_01689	512.1155352279786	-0.759381195072639	0.11215797948483924	-6.770639044681498	1.2821479314324081e-11	1.8482026032882056e-9
CNAG_02071	125.16682720308795	-0.7592604226167153	0.19261381935951152	-3.941879275025248	8.084566874273873e-5	0.0014012972651922808
CNAG_00122	16.24635727123621	-0.7582230052087019	0.2903475658901548	-2.6114322773263927	0.0090163843843705	0.048221090554026076
CNAG_03873	233.25643295556208	-0.7503011597179748	0.14495970642970346	-5.175929078483784	2.2677959717240283e-7	1.3131895477290847e-5
CNAG_06832	121.73506271715847	-0.7492970646408134	0.17810913207657078	-4.206954780503246	2.5883490823337688e-5	5.656795171874607e-4
CNAG_07402	3156.164258801028	-0.749223796741761	0.12077527651105235	-6.203453375436472	5.523741038526467e-10	5.6702038690934575e-8
CNAG_04095	218.13667366901493	-0.7471048962028527	0.1767228999602868	-4.227550002692023	2.362496840035942e-5	5.213653449916451e-4
CNAG_06267	365.6282257527297	-0.7469573516730356	0.16253811128434809	-4.595582819135202	4.3154134308915285e-6	1.4006946141669363e-4
CNAG_05841	26.39052883993889	-0.7466600702967735	0.21608701228730817	-3.4553676428457356	5.495429311002789e-4	0.005854014714157845
CNAG_00076	17.995018785055876	-0.7450568393666084	0.26082031824816504	-2.856590484862849	0.0042821792931471035	0.027577723109383674
CNAG_02563	29.180938614534178	-0.7430559620929923	0.2148331269786974	-3.45875877032071	5.426707013211446e-4	0.005808205373539897
CNAG_07419	3388.6916117471437	-0.7415976067246253	0.16563885140123652	-4.47719602285946	7.562980161353977e-6	2.13496627471555e-4
CNAG_07466	45.9528692827026	-0.7406370137645452	0.2216201779630846	-3.3419204901455926	8.320088989604763e-4	0.007961667076916987
CNAG_04727	340.56939315196325	-0.7404354914631871	0.22041128292229617	-3.3593357002700284	7.813009435478593e-4	0.007545052822672924
CNAG_04055	43.20935195533703	-0.7397181127206098	0.2072621711067316	-3.568997221107392	3.5835022609191197e-4	0.004259338213636322
CNAG_03967	52.92052037906531	-0.7382336630189221	0.27746856860972746	-2.6606028449200037	0.007800090193390487	0.04306763290157003
CNAG_01144	142.2687544880925	-0.7302041699405163	0.15106725474105262	-4.83363632437866	1.3406139930253216e-6	5.8305045523587624e-5
CNAG_00145	15.828540589708773	-0.729018185437788	0.25134008645237144	-2.9005249251234573	0.003725382087587868	0.02489098978639823
CNAG_02497	125.96002490942183	-0.7243797273723326	0.10871516176581615	-6.66309754413761	2.6811557783202944e-11	3.7071082445142845e-9
CNAG_03040	35.023586132688195	-0.7214308373006183	0.22164126348043553	-3.2549482256687265	0.0011341303919354068	0.010065555283366051
CNAG_03688	293.76448494000584	-0.7166933048836179	0.1658824887367853	-4.320488017399075	1.5568451054005924e-5	3.6798028174144496e-4
CNAG_05993	191.55554494251405	-0.7150700859511042	0.1479206517002723	-4.834146400328413	1.3371815544859406e-6	5.8305045523587624e-5
CNAG_02883	22.44492017626045	-0.7138853299590182	0.22471269347148431	-3.1768803040474842	0.0014886846358027391	0.012513447155786051
CNAG_00547	168.12554179288077	-0.7040088517066462	0.20052096962890442	-3.510898900047837	4.4659421017512283e-4	0.005033192101106142
CNAG_02561	573.1251588149079	-0.7032253995836567	0.12017787118618307	-5.851538162913531	4.870474944053026e-9	4.459117262967466e-7
CNAG_03727	360.15696402049895	-0.6978080419818256	0.1593945816261598	-4.377865513762869	1.1984726163270368e-5	3.0072785094872867e-4
CNAG_07961	151.0260906664456	-0.6966166375662295	0.2338343629215394	-2.9791029379200853	0.002890936404378332	0.020392394902377698
CNAG_04640	12613.124893885897	-0.6953214516362497	0.247209302650693	-2.812683196711006	0.004913002871174835	0.03042558907880211
CNAG_07403	44.40893073913068	-0.6947531473450561	0.18277634784195057	-3.801110786751355	1.4404887333276795e-4	0.002183291089104033
CNAG_04963	335.9338367357121	-0.6946258378688356	0.14906949661254626	-4.659744975689233	3.1660139375265063e-6	1.1289339171969515e-4
CNAG_01776	29.194349853788445	-0.6927876949416221	0.21389909812603053	-3.2388528096244134	0.0012001148977175019	0.010477807257778448
CNAG_07586	103.14568092814625	-0.6922348844515749	0.2603143464253859	-2.6592267923657853	0.007832022234100594	0.04310475275063487
CNAG_00757	61.726203350028435	-0.6919186933364513	0.20201860288837664	-3.425024643491689	6.147436569687517e-4	0.006414002968676018
CNAG_00799	89.95734279041922	-0.6895772936117557	0.21069363091184382	-3.272891024884759	0.0010645351203458027	0.009539980741194198
CNAG_01616	521.7786109343972	-0.6892479588622138	0.18879402627888858	-3.6507932610327893	2.614316162906301e-4	0.00338661414984516
CNAG_07482	61.80931662319216	-0.6877678211401491	0.22189503478450887	-3.099518751323426	0.0019383530776251505	0.015252429850070144
CNAG_03844	27.001310180708877	-0.6851959618220147	0.22295977620018487	-3.0731819590938687	0.002117893064525207	0.016286302786422898
CNAG_07784	15003.505777128086	-0.683840815399777	0.11751279996185206	-5.819287904141259	5.909886264891942e-9	5.268352558505645e-7
CNAG_04675	230.73538683775016	-0.6823103252804412	0.17153264208446875	-3.977728769224271	6.957667125504065e-5	0.0012404788098760535
CNAG_00087	30.062252976000423	-0.6805693493226092	0.22343741806267103	-3.045905897156935	0.0023198042698945325	0.017470594385780375
CNAG_02044	4449.54787899924	-0.6778212091855015	0.1199838554562377	-5.649270117284458	1.611304995817593e-8	1.2547806145591025e-6
CNAG_07375	122.80034739103768	-0.6766660945271307	0.1693563174960767	-3.995517288823939	6.455314578749882e-5	0.0011756654911567325
CNAG_05154	253.5409144628065	-0.6756167693236536	0.14592293726934172	-4.629955934046293	3.657435585507637e-6	1.251471014738093e-4
CNAG_01212	287.4855705749226	-0.6749880413171618	0.14945521225165534	-4.51632319239964	6.29226072912295e-6	1.8615749537034056e-4
CNAG_05216	611.5540641004449	-0.6736808513666854	0.16502802516471343	-4.082220887599478	4.460736897612335e-5	8.836693707989349e-4
CNAG_05190	749.9085558550375	-0.6681466470813814	0.14017063311837272	-4.766666399495664	1.8729904859315529e-6	7.42076639893934e-5
CNAG_04154	18.568316835978354	-0.6643827177289645	0.24138077957245202	-2.752425934267669	0.005915552588532123	0.03515602525202205
CNAG_06382	52.69726663142928	-0.6631488829846537	0.17901418399461905	-3.7044488218016687	2.1185087268606005e-4	0.0028763319888738615
CNAG_01261	553.4206745695576	-0.6612205733595536	0.21125966963798165	-3.1298949510459475	0.001748688252021773	0.01408723294583533
CNAG_01981	414.9995595563264	-0.6607882001006148	0.13720069393267176	-4.816216165968389	1.4630602637064994e-6	6.234108985290272e-5
CNAG_04273	391.29669729617166	-0.6592394001869667	0.1624099803965331	-4.059106457481225	4.926085325871353e-5	9.427748045982603e-4
CNAG_04869	38.47159438842028	-0.6589096689639665	0.21814233792081184	-3.0205492214132144	0.002523166937544623	0.018609009502638586
CNAG_05803	276.9540398669953	-0.6587811314019458	0.16862149045203947	-3.9068634112762815	9.350197314151737e-5	0.001571900416957271
CNAG_05032	177.80793359888443	-0.6583466311685359	0.11441812668550949	-5.753866544049198	8.722502469395002e-9	7.206701735384285e-7
CNAG_01093	2689.063318028041	-0.6575969000442627	0.10587729172013276	-6.210934274579858	5.267050176918918e-10	5.489886915173179e-8
CNAG_02675	46.002097022622195	-0.6533723937411141	0.2408005833744854	-2.713333932106843	0.006660994548773512	0.0386041386381014
CNAG_05458	568.514343146662	-0.6533600953956861	0.12939508601439095	-5.0493424095179416	4.433334834607401e-7	2.3650270475956803e-5
CNAG_04361	69.36252705495895	-0.6497939664971061	0.22511854374819878	-2.8864524249229255	0.003896116456991171	0.025604835573951868
CNAG_00299	315.3256966051507	-0.6492345167271696	0.12327183350430367	-5.266689869624625	1.3890557301402173e-7	8.633809698807314e-6
CNAG_06012	1170.2108291856234	-0.6487780700249162	0.1831128679623621	-3.543050126647949	3.9552751350047034e-4	0.004570616185712702
CNAG_06647	28.844600328748722	-0.6443860284607155	0.21159641597040407	-3.045354173441414	0.002324064507786807	0.01747562379606617
CNAG_04969	65.47815952078713	-0.6433334508558018	0.19542993042148885	-3.2918880412447966	9.95172209327133e-4	0.009062220051332427
CNAG_00264	151.85823457373377	-0.6422393468089865	0.14827537173270436	-4.331395964845394	1.4816695196612483e-5	3.5596847502499847e-4
CNAG_04035	369.5776113223998	-0.641439372321886	0.12643392849242993	-5.073316790597797	3.909408597646224e-7	2.1188994599242536e-5
CNAG_02031	58.84676485668557	-0.640367344892392	0.18670139305818345	-3.4299012685611214	6.03800910487559e-4	0.006332432149463177
CNAG_02131	474.06176945210024	-0.6330246098139191	0.14243499047092636	-4.444305487864874	8.817624127787831e-6	2.3991728299503035e-4
CNAG_06182	42.05214349696483	-0.6303166661529074	0.19071732203432837	-3.304978590457834	9.498365532529111e-4	0.008742371605552265
CNAG_01316	44.422000957757135	-0.6297426459450683	0.17108167881292652	-3.680947313088247	2.323690216435174e-4	0.003102237601501829
CNAG_07573	335.07969847475186	-0.6292277252756933	0.18564573744687726	-3.3894003381346014	7.004566550194061e-4	0.007042781854186652
CNAG_06771	145.51928887494378	-0.627484124596892	0.14526978304879803	-4.3194400888319064	1.5642556626056994e-5	3.6798028174144496e-4
CNAG_00121	174.49600145211764	-0.6273641928342092	0.14308087008806636	-4.3846825396579305	1.1615504683577967e-5	2.947286263706332e-4
CNAG_05590	371.24704435110175	-0.6272288715232794	0.14945307785418013	-4.196828064894457	2.7067926420544286e-5	5.858952124574682e-4
CNAG_03805	163.47203928656194	-0.6267485843667624	0.130690809716925	-4.795659203002059	1.621407362084014e-6	6.73928520130012e-5
CNAG_03478	50.753102185577866	-0.6205919830359249	0.20874210911323718	-2.9730081087724844	0.0029489666052129925	0.02058216007016333
CNAG_04680	31.11345914449711	-0.6191012863041514	0.19048794198145072	-3.2500812380262794	0.0011537204565798193	0.010190946666660074
CNAG_07938	124.50055120641723	-0.6189939642266338	0.17005757675767072	-3.639908177150437	2.727352818708443e-4	0.003479814566242881
CNAG_00031	104.41679754521834	-0.6188550193523479	0.15985714373572946	-3.8713003678798272	1.0825629623392156e-4	0.0017462771594876632
CNAG_07597	258.8616051062451	-0.614658528800219	0.1880920351531506	-3.267860482767089	0.0010836376948919946	0.00966005971433324
CNAG_00711	53.73367243409769	-0.61438381268457265	0.20583251140221573	-2.9848725475831657	0.0028369650272494326	0.02012611315142922
CNAG_06728	85.78075488705451	-0.6139458640620625	0.18518315244264177	-3.3153440578360645	9.153039346982902e-4	0.00855923434806533
CNAG_00236	534.9389965213434	-0.6129218481372796	0.1384004348152286	-4.428612156858903	9.484139571276927e-6	2.519805709623576e-4
CNAG_07629	34.33559884888036	-0.6086408415237896	0.19168744721194045	-3.175173181010867	0.0014974710054242754	0.012571705157062534
CNAG_04586	67.66650005996198	-0.606469847186411	0.13621573948256135	-4.452274380994368	8.496549735355382e-6	2.3495561002870495e-4
CNAG_01143	48.696989288170116	-0.6040955857607962	0.22543953338591258	-2.6796346527505075	0.007370255354409766	0.04147299005492207
CNAG_00130	137.94921432145264	-0.6012764794610376	0.14390604385592923	-4.178257308379642	2.9375122014035644e-5	6.23876023965804e-4
CNAG_00545	37.32715765827564	-0.5992198029934362	0.19302280719202025	-3.104398965648286	0.0019066603500479875	0.015080738810148474
CNAG_04944	282.5779289091992	-0.5987222235263996	0.1553376797089518	-3.8543270676386734	1.1604837484066724e-4	0.0018499476224600484
CNAG_04707	202.94336897646238	-0.5953390801108482	0.13978464053811013	-4.258973502518241	2.0536781026518082e-5	4.6690164917671145e-4
CNAG_02667	42.235827753530494	-0.5946284344981762	0.21813664219034992	-2.725944749710105	0.006411773007722086	0.03741581578580287
CNAG_03705	102.53180869419118	-0.5933700376983753	0.1601101477054687	-3.7060114315172057	2.1054879996743316e-4	0.0028701571826546474
CNAG_00303	28.852206458171644	-0.5923581955225147	0.2000085004635243	-2.9616650999818055	0.0030598039866989225	0.02123993033799713
CNAG_01594	219.77090081572587	-0.5916319084924451	0.1854959521105618	-3.189459941097866	0.0014253889275407862	0.012131922090563853
CNAG_02573	34.667970407503006	-0.5902934381704088	0.20680184391640496	-2.8543915614650985	0.0043119349348729515	0.027742981181162626
CNAG_05620	346.39094417546556	-0.5899485991615364	0.18190586344848458	-3.2431532880665435	0.0011821459138908323	0.010360981328085885
CNAG_07341	23.941937172025295	-0.5894974953601293	0.22011358423514066	-2.678151361755061	0.007402975595667357	0.041588026252608906
CNAG_01402	38.401278787567016	-0.5894693552355856	0.19450533262914543	-3.0306076818957983	0.002440621414494426	0.018130712810526025
CNAG_06403	796.3618874407166	-0.5888381951532099	0.1134595090568424	-5.18985319122266	2.1045994675084972e-7	1.2398835993365276e-5
CNAG_02372	236.14217674320446	-0.5888300152052113	0.1564951682697099	-3.7626082754861705	1.6815047050997183e-4	0.002455214305398834
CNAG_04326	73.32618957683442	-0.5868958167420816	0.14929637037947743	-3.9310789354779745	8.456549915604054e-5	0.0014431517803077448
CNAG_00635	199.24188555891172	-0.5866602423705217	0.18629252136349905	-3.149134694601155	0.0016375469952920653	0.01346405448192202
CNAG_03195	36.577726608590034	-0.5854524294508114	0.20329760239018216	-2.8797802953286804	0.00397952382119984	0.02602439564539471
CNAG_02221	82.75761305018969	-0.5848190191794951	0.14967693630246592	-3.9072086430049424	9.3368524778742e-5	0.001571900416957271
CNAG_04314	79.58865529023407	-0.582266332270732	0.14018069946538278	-4.153684027054815	3.2716486689602095e-5	6.799208506811478e-4
CNAG_03659	104.65612618643149	-0.5822286393562969	0.15875020457369238	-3.6675772539620533	2.448595818804236e-4	0.0032274779518285408
CNAG_01040	169.36484351765193	-0.5803682506529216	0.1491913825298482	-3.8900923150625633	1.0020609426778574e-4	0.0016438166795744514
CNAG_05558	217.9638017717929	-0.5793965544268643	0.14892697135751573	-3.8904742985470278	1.000484739195985e-4	0.0016438166795744514
CNAG_00074	131.96409797641175	-0.5695339803124364	0.12670173328720333	-4.4950764724065415	6.9544949195438925e-6	2.004966088506803e-4
CNAG_01165	100.5468477366785	-0.5639286809968529	0.11972629729995415	-4.710148845445576	2.475359461491538e-6	9.21459359978306e-5
CNAG_07731	88.90422647752554	-0.5628558890239889	0.12276225783826075	-4.584926173038878	4.541468750807976e-6	1.4445282059494854e-4
CNAG_02334	90.42481726068605	-0.5609514671777961	0.12514119416477726	-4.4825484599353755	7.375688646918779e-6	2.0964705867717253e-4
CNAG_00914	90.17801217612944	-0.5598434392850057	0.139646341595478	-4.00900899292255	6.097409476674423e-5	0.0011225529675127507
CNAG_06000	5527.57873828526	-0.5546377345052987	0.13271806385952564	-4.179067403306536	2.9270693133687855e-5	6.23613037675268e-4
CNAG_00623	69.40283811234933	-0.5532095673914024	0.19165915851934384	-2.886423856105827	0.0038964701810692806	0.025604835573951868
CNAG_05067	34.25482503565314	-0.5517224633680499	0.1941288750795424	-2.842042242000254	0.004482555183397117	0.02856943684620458
CNAG_05931	182.89062863014362	-0.5516634255531381	0.11730268882786274	-4.702905202477356	2.5648552336707543e-6	9.495570605529705e-5
CNAG_06205	138.50506032335966	-0.5506893636200475	0.14829186800946645	-3.713550655285382	2.043715345465138e-4	0.0028176566756089967
CNAG_04632	68.90435381225666	-0.548539250361636	0.1617007401096675	-3.3923113152704785	6.930564713175405e-4	0.006987288085083834
CNAG_06017	118.60996297377825	-0.5474243400228178	0.11189846766747741	-4.892152246888394	9.973924213356477e-7	4.535123258086586e-5
CNAG_02215	777.0032708357073	-0.5472606387798531	0.13751891557964604	-3.9795299175617718	6.905167038985234e-5	0.0012343669311114765
CNAG_07483	189.77455818368455	-0.5451756162186927	0.10175974285130471	-5.357478320432909	8.439149016922045e-8	5.955753603088214e-6
CNAG_02685	101.78509434630878	-0.54362275769295	0.1499875025610625	-3.6244536938778067	2.8957289443500944e-4	0.0036346232803468287
CNAG_03284	860.5842343302182	-0.5426908312586306	0.1605765514512846	-3.3796393455570697	7.258100398386425e-4	0.0071996530306102525
CNAG_03238	174.2692631629486	-0.5393711891260814	0.15700948193176	-3.4352778092759055	5.919466585105048e-4	0.006227389148150108
CNAG_00589	232.64795420259097	-0.5369462591137215	0.20034485178892478	-2.680110091770296	0.00735979503108093	0.04147299005492207
CNAG_07944	56.06403425473578	-0.5368448850618862	0.14431168958695986	-3.7200374176091415	1.9919326480685937e-4	0.0027654392808739185
CNAG_04859	60.64585485774385	-0.5360220337611978	0.19022523064203087	-2.817828276260016	0.004834966113731649	0.03010060348548924
CNAG_01043	602.6729515999355	-0.5359638816284751	0.1529512011293517	-3.5041495435868293	4.580680478347107e-4	0.0050959130116258865
CNAG_04616	251.4653028375565	-0.5349638754588946	0.10098627517193759	-5.297391893582309	1.1746840828886977e-7	7.726684137447502e-6
CNAG_01083	62.38199049268613	-0.5347957880160629	0.1583287650813998	-3.3777550639084075	7.308014313285901e-4	0.007227999558030947
CNAG_06902	174.6057739709332	-0.5341736074970503	0.1629970718127842	-3.2771975689881936	0.0010484298008798995	0.009445627527874095
CNAG_04163	77.95813196060243	-0.5338893173916994	0.19997289266651094	-2.6698084438977	0.0075894530830304535	0.042215553889598786
CNAG_03868	513.5392360123782	-0.5327603406377757	0.10092842754014576	-5.2785954722802195	1.3017783512788848e-7	8.480334932610043e-6
CNAG_05376	49.77709033717052	-0.5318493735005223	0.16989573392825924	-3.130445722228098	0.0017454125079660369	0.01408723294583533
CNAG_03397	79.0212306142854	-0.5314497647493706	0.14706903578567052	-3.613607459315047	3.0196612053006653e-4	0.003746923931485716
CNAG_04576	43.19241215139246	-0.5295627772809012	0.16349594307524837	-3.2389964382001333	0.0011995107140681828	0.010477807257778448
CNAG_00014	83.90814800643903	-0.5293709588264822	0.17003598441839202	-3.1132878175004852	0.0018501549208071	0.01469495848589461
CNAG_05341	35.65582403634402	-0.5286514064339428	0.1613628099995747	-3.2761663386708264	0.001052265664549979	0.009455039625100938
CNAG_03306	36.66770638357905	-0.5282057568662732	0.17036457759611215	-3.1004435565150446	0.0019323103803045064	0.01524028268517233
CNAG_04443	38.88700556873438	-0.5281499199765073	0.1879232640832699	-2.8104552278449195	0.004947147148072344	0.03058113314615888
CNAG_06732	559.4960045053584	-0.5255208306528102	0.19310793877718885	-2.721383874637929	0.006500922117047575	0.03783827091322794
CNAG_00465	593.251978347578	-0.5246925433914775	0.13776616818657095	-3.808573253492167	1.3977094088541962e-4	0.0021327660461682835
CNAG_07636	956.5488212557216	-0.5237966704013954	0.16209078737920346	-3.2315017952007277	0.00123141550413711	0.010682253573020384
CNAG_04771	866.709918013725	-0.5235231745644756	0.12971209631173544	-4.036039732996828	5.436101384792651e-5	0.0010230440800547281
CNAG_07979	566.6159223928091	-0.521615547955846	0.1498438622532607	-3.4810604859759295	4.994326942775e-4	0.005431230343065911
CNAG_03654	90.57349049023072	-0.5214004271959463	0.177779326876476	-2.9328518470441947	0.00335864119836147	0.0228461788342359
CNAG_00720	517.147387607896	-0.5213956320611828	0.17703817544421674	-2.945102833063653	0.0032284734213879757	0.02218347609523685
CNAG_03881	56.46809915854816	-0.5208524275653259	0.17365025437274467	-2.999433714892827	0.002704819708512668	0.019451427812443498
CNAG_04233	197.42035617503493	-0.5195930106046818	0.13141440385203404	-3.953851293117893	7.69032162844677e-5	0.0013532968579929058
CNAG_02551	92.37156427487167	-0.5180770775590208	0.1336089933329246	-3.8775614173522372	1.0550869772909124e-4	0.0017142000650230051
CNAG_06126	1065.3848411467216	-0.5169149920816302	0.16842087869847439	-3.0691859351183433	0.002146429564786089	0.016467577738888656
CNAG_00848	3259.2952808659534	-0.5136486135166004	0.1853063254917584	-2.77188926040976	0.005573199286211776	0.033473781173834025
CNAG_04784	35.02987860487078	-0.513379702883675	0.18493868885991915	-2.7759454014110143	0.00550414507502374	0.03314718478514297
CNAG_01792	482.61021440213653	-0.5125594061592503	0.12945764016965922	-3.959282785376912	7.517518204393355e-5	0.0013263329644470048
CNAG_05627	2215.0190879035963	-0.5107610288332316	0.1910188678071871	-2.6738773750286784	0.007497986267175476	0.04198252641331723
CNAG_07627	167.640415892512	-0.5088671068452207	0.10534220223709688	-4.8306101072379155	1.3611531614538238e-006	5.87376603111443e-5
CNAG_04877	75.27231845672017	-0.506822224691079	0.19238281035916985	-2.634446517050381	0.0084274579464186615	0.04560385590014891
CNAG_04736	165.17823932487087	-0.5061005553964985	0.13768111095308494	-3.6758895384636534	2.3702207115726761e-4	0.0031486755531186044
CNAG_03480	45.103259894283404	-0.5045705679255986	0.19210934783269942	-2.626475877503939	0.00862741073349603	0.046500165250147656
CNAG_01657	813.5715799102685	-0.5029279386349553	0.1195918841195926	-4.205368469084611	2.6065714442062424e-5	5.678302744211348e-4
CNAG_03465	53.89073226496368	-0.5026145532736849	0.16904387253777547	-2.9732787455006267	0.00294636742735338	0.02058216007016333
CNAG_01975	781.5081346455253	-0.5020663619255944	0.10588721639861116	-4.741520072031845	2.1212063721714187e-6	8.307036515295585e-5
CNAG_04638	94.97933644606162	-0.5017431662870829	0.15300995151717342	-3.2791538152390607	0.0010411886872918165	0.009405404475202743
CNAG_06695	712.8108707611858	-0.5007693472589856	0.11611033617126383	-4.312874837605724	1.611453540132158e-5	3.7777154790295396e-4
CNAG_04112	41.0402470987043	-0.5001455982843509	0.1825792840047689	-2.7393337694942836	0.00615638384175128	0.03620616365266053
CNAG_03319	376.97078358897295	-0.4999579984551729	0.15288489684151932	-3.2701595042015827	0.0010748685748860217	0.009619860759382821
CNAG_07413	6032.818090988417	-0.4990257768292652	0.17580239297211184	-2.838560774928857	0.004531748852733925	0.02880168712689713
CNAG_02040	109.02501561791377	-0.4989968756636551	0.15064761575410116	-3.3123449924236232	9.251737941132104e-4	0.008609962163622252
CNAG_03775	1984.2582136526198	-0.49868182517411547	0.17178106311714408	-2.903008143767542	0.0036959702603135505	0.02471885341917503
CNAG_07964	285.5302384698565	-0.4977518206204886	0.1250665835979743	-3.979894599348045	6.894582977453872e-5	0.0012343669311114765
CNAG_07642	322.74147090434275	-0.49681609111707314	0.18842713898529692	-2.636648275787067	0.008372959807393308	0.045417776377173466
CNAG_03438	3447.0904776483485	-0.49624986604375376	0.1703083932577438	-2.913830942511048	0.0035702319161981513	0.02398847542301141
CNAG_04580	1202.0942243877107	-0.4955132953554177	0.1344582142843257	-3.685258635873328	2.2847051072196598e-4	0.0030651241784976626
CNAG_05192	735.5284685397968	-0.49506467880625726	0.12720343455663571	-3.8919128287046054	9.945698164760664e-5	0.0016394672765511799
CNAG_02933	153.04205505620672	-0.49471944997115436	0.15055270786522204	-3.2860215999172704	0.0010161321766507293	0.009228278145856155
CNAG_02083	134.80506018966884	-0.4923619671806361	0.13242044022453148	-3.718171955521288	2.0066966192878893e-4	0.002780239181119724
CNAG_05441	108.47220132002525	-0.4907766780982827	0.14233676726958955	-3.447996519189865	5.647613155214621e-4	0.005987884057367615
CNAG_03667	164.89132993309724	-0.490407568417083	0.14490720306640603	-3.384287033629004	7.136335659543364e-4	0.00715217072387667
CNAG_04948	58.85253293612235	-0.4896691922343483	0.1713001435103078	-2.8585451372075643	0.004255885562861622	0.02743446687762844
CNAG_07847	103.18032741709209	-0.48702114496022975	0.16494417234545694	-2.9526423276126357	0.003150667888137859	0.021759199737139648
CNAG_01244	184.48729607335576	-0.48571451148905337	0.12145075497797866	-3.9992712402415505	6.353782839539239e-5	0.0011602932274360738
CNAG_02239	140.42582832559498	-0.4855499311372033	0.12433872162903083	-3.9050580927304326	9.420275279025266e-5	0.0015772512107331516
CNAG_02338	27707.115879279238	-0.4854302045532454	0.09072588473907583	-5.350514970995588	8.770429647377671e-8	6.125738233091106e-6
CNAG_05976	6269.831681939765	-0.4845795406358378	0.09765345296905795	-4.962236622491778	6.968602620395568e-7	3.3723059109414265e-5
CNAG_02081	37.08575849126254	-0.4824808437465835	0.17271164867692126	-2.7935628398124104	0.005213089929565578	0.03181863448000612
CNAG_00870	486.03080991601456	-0.4819336468452196	0.08546837497211178	-5.638736515143455	1.7130241544169232e-8	1.3188339370653015e-6
CNAG_02758	376.055342726822	-0.48057206646680367	0.13849726018132805	-3.469903056837463	5.206462455159438e-4	0.005616844448042228
CNAG_03707	252.43708682908675	-0.48039229709959663	0.12568972450287932	-3.8220490895307173	1.323473343779613e-4	0.002058001595365328
CNAG_04072	1422.7696038368363	-0.47777090612137596	0.11601185732269846	-4.118293742961195	3.816879770616655e-5	7.836169832099345e-4
CNAG_00591	243.77238749286508	-0.4760176108093382	0.12660472153177818	-3.759872499619663	1.6999997632432615e-4	0.0024715661793933683
CNAG_05742	58.83926049426697	-0.47578717045812863	0.15270421866141679	-3.115743459013841	0.0018348181952112224	0.014599521747836058
CNAG_02869	77.024934436924255	-0.47568267776682654	0.16076437101253135	-2.95888121709348	0.0030875808806495307	0.021388916632311423
CNAG_04295	214.6705217702479	-0.47502079579167156	0.12616460697187742	-3.7650875882929316	1.664907103679851e-4	0.0024415033825608205
CNAG_03140	2267.8425316489875	-0.4748604532283303	0.16416641939284746	-2.892555341004285	0.0038212185691952924	0.025356274051222434
CNAG_06048	79.29785892131841	-0.47341018617512226	0.1783048607601895	-2.6550604630562127	0.007929419444260427	0.04360537072635097
CNAG_03302	1460.6342168723563	-0.4699154283111558	0.121346951791924	-3.872494705239313	1.0772701692283091e-4	0.0017418867294801419
CNAG_06516	51.42512681398741	-0.46991450212365243	0.15615674173821012	-3.0092488924457923	0.0026189447106007213	0.01907887141324719
CNAG_07599	58.15310975072506	-0.46931904461109397	0.15220038767161762	-3.083560113024684	0.0020453978276733023	0.015873505478220647
CNAG_04195	153.2569386503966	-0.4671934698597505	0.13819742891758943	-3.3806234567384723	7.23215773375656e-4	0.0071898775167392355
CNAG_01814	96.86553497086248	-0.4668400531973418	0.16436790666283183	-2.8402141432327883	0.004508325845305703	0.028706680077017047
CNAG_07864	1787.8568124909327	-0.46662355875876615	0.10547256679144765	-4.424122527343317	9.683505322209019e-6	2.5428584712389966e-4
CNAG_00825	88.41083306171114	-0.46625316134849965	0.1628511671935785	-2.8630630617112627	0.004195670490259472	0.02709787185081785
CNAG_01412	232.54271194444496	-0.46624281544857227	0.17280400534621052	-2.6981019017149577	0.006973609042250167	0.0399848318023002
CNAG_04519	241.92957604068593	-0.46542666680561123	0.1140386624762412	-4.081305907131085	4.478336668472139e-5	8.845694148366981e-4
CNAG_00544	2087.68491103423	-0.4653133598979785	0.1205329939874748	-3.8604646288495212	1.1317162303517104e-4	0.0018126187850195832
CNAG_05660	342.5950970129718	-0.46429395864232875	0.11784301611398032	-3.939936145161573	8.150330021800803e-5	0.0014014844136472193
CNAG_06240	128.8264308872854	-0.46335760659428377	0.1370003348154787	-3.3821640452073716	7.191718410168931e-4	0.0071898775167392355
CNAG_01490	437.06644791219736	-0.46210820819113857	0.12807482755097585	-3.6081111099463476	3.0843440429849557e-4	0.003806271564885806
CNAG_06521	121.75914758434192	-0.4612446424565446	0.14736406642010275	-3.1299668478313905	0.0017482603211082255	0.01408723294583533
CNAG_06432	65.06462097802735	-0.4607574492060601	0.13625840408512038	-3.3814974738602235	7.20918956930224e-4	0.0071898775167392355
CNAG_03486	521.5673063740916	-0.4589695245183664	0.121704230265083	-3.7711879325697115	1.6247225131147655e-4	0.002401486113870239
CNAG_02230	219.31033219101568	-0.4586142500787732	0.14260189054262185	-3.2160460729775484	0.0012996996440953388	0.011245804711042043
CNAG_04038	119.77132927165253	-0.4578762962400815	0.13830808917592102	-3.310553265309635	9.311172907266618e-4	0.008649727976004579
CNAG_01080	163.42319550050783	-0.45783153565475676	0.14138943026463424	-3.2380888359041236	0.0012033333340615976	0.010492385248735296
CNAG_00601	385.1916093622608	-0.457015744838783	0.1610791176849704	-2.837212864131706	0.004550926003309838	0.028869404187663063
CNAG_00257	158.33082272096328	-0.4559953603317791	0.1520101050337328	-2.999770049698923	0.0027018349761876326	0.019451427812443498
CNAG_05870	458.4929152904043	-0.4550721713718232	0.09792811499389399	-4.647002256708381	3.3679348262118276e-6	1.1761731158549038e-4
CNAG_00754	1280.5176421120477	-0.4510770006040997	0.1478138407913689	-3.0516560437717746	0.002275827215626921	0.01730497125238203
CNAG_03857	539.3665060155201	-0.4501222718357597	0.14992207692979553	-3.002374840674998	0.0026788210225551726	0.019369276870663067
CNAG_01840	422.1618314865051	-0.44998513420017683	0.12086059142874707	-3.723175014127446	1.9673304708417113e-4	0.00274252344443469
CNAG_00845	1933.9180595853366	-0.44970730093311495	0.14291259137211873	-3.1467297360955264	0.0016510749749415962	0.013526037430748868
CNAG_01098	796.9877341828552	-0.44945570502284377	0.10574831607216002	-4.25023983092219	2.135417440198006e-5	4.806462842970595e-4
CNAG_01322	286.47950219366425	-0.448379404829703	0.16010746245096052	-2.800490357949665	0.00510250317868798	0.031237908158979796
CNAG_02943	441.2159323114986	-0.44619706280238314	0.15655493409903312	-2.8500990107416797	0.00437056214637341	0.02804817363545971
CNAG_00283	54.183797401689844	-0.4447235559685742	0.13969774018395878	-3.1834699357552023	0.0014552122438200184	0.01229309594997584
CNAG_02439	86.26052534041432	-0.4441168341409833	0.14741648304912225	-3.0126674097427375	0.0025896255784261324	0.01893460905787691
CNAG_05063	301.20568939797175	-0.4440000291140112	0.07655371213065124	-5.799849762428942	6.637435899964567e-9	5.840081587306486e-7
CNAG_02302	98.27796283266765	-0.44352477773896704	0.16461943575564728	-2.6942430928831067	0.007054868993571872	0.04023294396586653
CNAG_01791	1234.9838905777613	-0.44284145023811333	0.0972891043150281	-4.551809304402325	5.3186533241126114e-6	1.6086551906635243e-4
CNAG_07807	4152.35002170897	-0.4427188508436005	0.11702442924158478	-3.78313189573139	1.5486729446086633e-4	0.0023212962831247108
CNAG_04306	292.35614481361483	-0.44203208835577834	0.09805553870026659	-4.5079767468002965	6.544874694623025e-6	1.9195465825138958e-4
CNAG_03268	104.62544976808607	-0.441468684043082	0.16658112840009023	-2.650172251101421	0.008045074227850857	0.04409820217936048
CNAG_06638	175.26384464132775	-0.4409352313937509	0.13073706463761167	-3.3726872529681877	7.443845136304219e-4	0.007319600986714235
CNAG_06341	2227.1629155295877	-0.43940865043011895	0.11371019234441211	-3.864285525955424	1.1141483526148486e-4	0.0017887097367217059
CNAG_00581	737.8632141781583	-0.4393130733314551	0.11222477034304948	-3.9145820658715516	9.056093298524787e-5	0.0015338758024376357
CNAG_04571	817.4488651376031	-0.4388352027804808	0.10453937936473057	-4.197798049378269	2.6952281299182002e-5	5.852618775703785e-4
CNAG_03204	2269.7422782367976	-0.4383397355520513	0.16734184099185243	-2.6194269941932413	0.00880776231754277	0.04724670601848952
CNAG_02924	4161.502076761576	-0.4375703142662114	0.12910235648620333	-3.3893286395045226	7.006398479294174e-4	0.007042781854186652
CNAG_00374	588.8941823905683	-0.4368112303573973	0.1146295957581108	-3.810632214730549	1.3861185528380165e-4	0.002119853994464461
CNAG_04172	150.30545174784882	-0.43626659229624953	0.16556018461168956	-2.6350936568443912	0.008411407055104963	0.045553383531843426
CNAG_00319	416.1591890680051	-0.4360790666097661	0.10699224249618207	-4.0758007911211624	4.585626404434664e-5	8.927476692541622e-4
CNAG_04794	314.97804776779657	-0.4335733323214597	0.1266572317152377	-3.423202342652322	6.18879903342893e-4	0.006440724032485561
CNAG_03789	986.7833690107421	-0.43319025088143776	0.08210965023564706	-5.275753210959029	1.322119152776729e-7	8.499949704648083e-6
CNAG_00888	451.11201143903895	-0.4322042135259925	0.09970539598749925	-4.334812667312217	1.4588430195505575e-5	3.517317244645917e-4
CNAG_06285	56.976639473852956	-0.4316229423140109	0.1529680317860606	-2.8216545462105045	0.0047776611195302545	0.02988795391026544
CNAG_05215	361.3921898387194	-0.4314038904112416	0.10199576792561243	-4.22962539706425	2.3408077066676486e-5	5.182670657736379e-4
CNAG_04868	448.7053642958471	-0.4295184631126446	0.1407910871514548	-3.050750383442908	0.0022827026356007007	0.017328325459841216
CNAG_00936	1220.94507116136	-0.42928573269377385	0.13638820172688965	-3.1475283584528553	0.001646571332711885	0.013521843368633966
CNAG_00764	2313.7628763340535	-0.42848075151204057	0.12716049720081854	-3.3696058205510258	7.527578138659736e-4	0.007369847093846779
CNAG_02217	279.411150357467	-0.42802669144109157	0.10095456387570785	-4.239795359505142	2.2372364748921566e-5	4.991044321093443e-4
CNAG_00513	1357.7921575944217	-0.42752798804907977	0.10536352126028453	-4.057647114820099	4.956959205846011e-5	9.460112287213162e-4
CNAG_06033	1000.8386961630586	-0.42741331256070936	0.09993362472650513	-4.276971977454428	1.8945264014987602e-5	4.3657878810047964e-4
CNAG_04222	1626.6990566478826	-0.42648364078532913	0.14264078024632948	-2.9899138244254218	0.0027905616294171616	0.019838462790452538
CNAG_02209	6950.721707042191	-0.42582485063673836	0.07866776386912534	-5.412952265239884	6.19940211218467e-8	4.421152558952751e-6
CNAG_03926	1085.666821688452	-0.42535108161611224	0.11057850933734216	-3.8465980791845595	1.197691994743953e-4	0.0019003192656651714
CNAG_01090	511.50404712690215	-0.42469260722651475	0.08108353162135667	-5.237717187871656	1.6257493023697822e-7	9.834331717460066e-6
CNAG_06520	196.06604902490201	-0.42407090407408504	0.118962616135214	-3.564740906438054	3.642157922008763e-4	0.004313919566714924
CNAG_02867	684.1841278291095	-0.4232743511490272	0.09539774227489838	-4.436943066527913	9.124541437559517e-6	2.4443116271664e-4
CNAG_05288	349.8012742363649	-0.42317365102201393	0.09630670253109683	-4.3940207680288275	1.1127317865862218e-5	2.866447853278195e-4
CNAG_04030	209.74218948694917	-0.4224410316896762	0.1462538682370666	-2.8884092898310962	0.0038719568942380293	0.025547390467416508
CNAG_00335	417.26694493575576	-0.4224271955623803	0.13294559759539978	-3.1774440312643883	0.0014857936442980012	0.012504660795178832
CNAG_00054	89.23526065991751	-0.4212406995271526	0.15000972611862168	-2.8080892514532847	0.004983641264832797	0.03072262927137598
CNAG_02208	288.01518013675803	-0.4199407834292066	0.1139786916178519	-3.6843797508852383	2.2926022573098082e-4	0.0030696403741648126
CNAG_05866	327.0870150726762	-0.41707449910656147	0.11102064317034242	-3.7567292640039125	1.7214856090436468e-4	0.0024815031917597248
CNAG_00876	416.8247192999281	-0.41540534623856507	0.11439892006797168	-3.6311998923743887	2.8210657229323636e-4	0.0035926165926441285
CNAG_05085	1135.90225635364	-0.4153220417512451	0.11050104425466545	-3.758534994421194	1.709111375560285e-4	0.002477602057807582
CNAG_05698	697.1790944794002	-0.41521448287892687	0.1330014293501781	-3.1218798542812114	0.0017970025835752112	0.014407920122747997
CNAG_03341	306.93780395991064	-0.4149192471464248	0.11621135329246084	-3.57038478075569	3.5645722300529275e-4	0.0042442841579276944
CNAG_06756	514.6169419188541	-0.414902788729392	0.12339903054361452	-3.3622856427769707	7.730011623289177e-4	0.007527035300408472
CNAG_01555	159.1751254747762	-0.41418580645173125	0.11266645689940152	-3.676212227225292	2.367226122491853e-4	0.0031486755531186044
CNAG_05682	90.89422291505716	-0.413983336650375	0.14166623731954925	-2.922244173935206	0.0034751897991922628	0.023497217935686043
CNAG_06455	224.52055253894446	-0.41303709075545775	0.12527622803827557	-3.2970109111942834	9.771970486184922e-4	0.008922520221550248
CNAG_05313	244.80033996521607	-0.41002384155036065	0.14723853520450622	-2.784759037305418	0.005356751478798656	0.03254887109314879
CNAG_00309	188.00301452567732	-0.40962305218370315	0.12194200671981681	-3.359162795515446	7.817899751315708e-4	0.007545052822672924
CNAG_04242	274.5296472055232	-0.40947803143186523	0.09667462104079592	-4.235631099697497	2.2791068358012023e-5	5.062606168050211e-4
CNAG_06574	158.37180547027333	-0.4091091753439214	0.09886149571545294	-4.138205399212607	3.500329471786574e-5	7.230101271754281e-4
CNAG_01132	1311.2470799287887	-0.40754092767906636	0.1156559972785825	-3.5237336348189174	4.2551177446747783e-4	0.004828881527666939
CNAG_06145	423.97817153339884	-0.4074643581991101	0.11461593359235274	-3.55504113109014	3.7791996511054606e-4	0.004414496144179224
CNAG_06071	104.79787512547244	-0.40718753513488704	0.12348786413436785	-3.297389083447293	9.75882103956476e-4	0.008922520221550248
CNAG_06301	1020.7007135681696	-0.406273075694402	0.09775136707573114	-4.156188172587389	3.236013289962249e-5	6.74584308907515e-4
CNAG_00846	395.4231716168151	-0.40596468590881907	0.1452643131519769	-2.7946622064298405	0.005195396982579035	0.031767883174163326
CNAG_07878	4269.667800816454	-0.40305318917434435	0.11120724138983194	-3.6243430206263247	2.896969109058727e-4	0.0036346232803468287
CNAG_06724	149.27484915737236	-0.4030451377274871	0.14761809333110484	-2.7303234219633485	0.006327221845777549	0.03705006742017536
CNAG_06948	1728.0554169917364	-0.40293395851334846	0.08759117022934819	-4.600166403283671	4.221535754209269e-6	1.3883934337265922e-4
CNAG_02894	471.7513324043779	-0.4016660986987853	0.12981786729996117	-3.09407408281237	0.0019742818124164263	0.015463305524995708
CNAG_04577	1395.417358465539	-0.39968362912024213	0.08684144881638199	-4.602452337769436	4.175451352189241e-6	1.3799357517601027e-4
CNAG_01578	270.0437611048263	-0.3988427225040973	0.12947571946298173	-3.0804441493613792	0.0020669211533618044	0.015991261118086367
CNAG_03281	1841.986005902307	-0.3982492148539599	0.11204893239952696	-3.5542437248214354	3.790677476526056e-4	0.0044202822553294375
CNAG_00567	134.6877584526971	-0.39819551107062207	0.11517335404536456	-3.4573579485562305	5.454997487366897e-4	0.00582009574439539
CNAG_07362	10894.78614589647	-0.3976709810540121	0.1023524084539755	-3.8853114163193494	1.0219879928428366e-4	0.0016684261810867994
CNAG_07941	128.3064263277112	-0.3973045577900777	0.14246995572361545	-2.7886901190650226	0.005292167524764794	0.03218530967709289
CNAG_07567	529.7710913200278	-0.3972683021635826	0.08931659906141792	-4.44786642503488	8.672743127869817e-6	2.3802529189968324e-4
CNAG_06021	302.0939183586443	-0.3962847437286196	0.13562999193880795	-2.921807618387318	0.0034800642461963426	0.023497217935686043
CNAG_01308	895.3835510053525	-0.39600541572827636	0.14754019106076902	-2.6840511245181267	0.007273598274702883	0.04109977340376316
CNAG_05843	208.23484338116484	-0.3949730258508333	0.11373370536648375	-3.472787812356179	5.150824064530683e-4	0.005574573967603096
CNAG_05908	161.93553862747498	-0.39425987094933246	0.13613408286025971	-2.896114350394062	0.0037781470071874606	0.025119672201859712
CNAG_07314	206.96471171665095	-0.394080322111259	0.12622925166505747	-3.1219413639314757	0.0017966271824657871	0.014407920122747997
CNAG_03644	411.7162556020329	-0.3925455500235828	0.10873338913567182	-3.6101656827212945	3.0600147989864125e-4	0.0037831387341483477
CNAG_00165	553.3238824902952	-0.3916360967243354	0.13568054346892225	-2.8864573115012617	0.0038960559568677502	0.025604835573951868
CNAG_07506	1083.9474108389913	-0.39140878991810635	0.11192327180500022	-3.4971171196642947	4.703153012325171e-4	0.005215034641326192
CNAG_01777	119.919419804559	-0.3912044420222774	0.10709395625736151	-3.652908676584506	2.592864657139439e-4	0.003367091958861317
CNAG_02703	938.5785779529463	-0.39059249843116406	0.10919700691977008	-3.5769524224976483	3.476234142049259e-4	0.004189332755068371
CNAG_02177	205.95850445409775	-0.38878038263079456	0.10520403407505793	-3.6954893037031145	2.19463720170838e-4	0.0029559974237722214
CNAG_06090	348.9079838634136	-0.38866494001354995	0.11117333775851586	-3.4960265460211777	4.72241716742612e-4	0.005222968595451397
CNAG_03049	2701.7011745085156	-0.38839692130121467	0.07832097061803438	-4.959041215096758	7.084193804431794e-7	3.403930001774851e-5
CNAG_03817	1411.6895468543744	-0.38795368539120456	0.08789687642985625	-4.4137368829118815	1.0160143234025329e-5	2.63735518814259e-4
CNAG_05755	1934.855089364728	-0.38731381313378266	0.09511645570267295	-4.071995852584091	4.6612009547353475e-5	9.02275327666628e-4
CNAG_07607	125.11353668964387	-0.38701693139129834	0.1430923301741404	-2.7046657980920905	0.006837313958898656	0.03949087985638397
CNAG_04153	66.7572810728361	-0.3869840091837249	0.13247280303482842	-2.9212336443276055	0.0034864825350869088	0.023497217935686043
CNAG_14002	76.10750795021008	-0.38484220328438346	0.14398269912474293	-2.6728364284306547	0.007521291458314795	0.042015894220467774
CNAG_01358	173.62465327668673	-0.3843146875480705	0.10839182315486098	-3.5456058986939865	3.9171155876725034e-4	0.0045364885652104635
CNAG_04365	3510.581457565125	-0.38262338668670465	0.14382505659426503	-2.6603388571304176	0.007806207114852841	0.04306763290157003
CNAG_01437	1214.0514097668731	-0.38187575779988	0.09522528691098835	-4.0102347830869505	6.065840121342573e-5	0.0011197838371143306
CNAG_01179	868.6375071619783	-0.38107106245027605	0.0853683839778872	-4.463842990737462	8.050256505309668e-6	2.2515975685918148e-4
CNAG_00009	75.05040615484225	-0.3786004685096095	0.11829790174431692	-3.2003988483912194	0.0013723753095132526	0.011784338050636611
CNAG_07313	60.92383053709372	-0.3776105417985426	0.14385033108853654	-2.6250237934185363	0.008664291241377436	0.046661822861949226
CNAG_05963	146.52829582093304	-0.37699898123053366	0.14270562690082955	-2.6417947870585485	0.008246800629528832	0.04493926810658615
CNAG_07712	283.4526503495008	-0.3760844471475819	0.08705006405176886	-4.320323611984061	1.5580055011051317e-5	3.6798028174144496e-4
CNAG_03634	723.9294596221376	-0.37515787239025056	0.11423744573514548	-3.2840183879814475	0.0010233824505215259	0.009269272864015157
CNAG_05147	457.43657291208797	-0.3740304743754979	0.094917672912141	-3.940577796525976	8.128558305838618e-5	0.0014012972651922808
CNAG_05685	524.5499041538717	-0.3722419103966876	0.1188166161109946	-3.132911225555787	0.001730817827633479	0.014026663615091889
CNAG_06632	77.53630780838111	-0.37220565980334236	0.132414576244931	-2.810911535259253	0.004940136676934612	0.030565685832175338
CNAG_05239	618.3163302749992	-0.37156268862955966	0.13865344087655151	-2.6797942141253905	0.007366743295058337	0.04147299005492207
CNAG_05835	210.93690721529885	-0.37114969964239064	0.09494405928367372	-3.9091408398019944	9.262495388443593e-5	0.0015649228492943975
CNAG_06599	83.07219630497983	-0.3700159893076187	0.11951901470710924	-3.095875499094199	0.001962327360112207	0.015405293006674625
CNAG_04855	486.87376535167266	-0.3690149040526681	0.09940615709156696	-3.7121936392003754	2.0547069135772372e-4	0.002823659095230382
CNAG_02048	388.89203926853355	-0.36879376525437907	0.11083850867474128	-3.3273071756731656	8.768965319849929e-4	0.00828205524059283
CNAG_02502	3847.0962223541587	-0.36863860105657764	0.09720326453794137	-3.792450827746499	1.491677938795094e-4	0.0022508057985159828
CNAG_01756	310.9262954907824	-0.3683496201708167	0.13811260875463957	-2.6670238401274338	0.007652624323437982	0.04246235036141878
CNAG_02382	1652.2703870982398	-0.36810466138133324	0.09027336551787832	-4.077666311315617	4.5489989495622e-5	8.927476692541622e-4
CNAG_04372	892.7512555815982	-0.36800254324487003	0.09664381597050871	-3.8078229791461013	1.401955702609393e-4	0.0021344381764446373
CNAG_03904	1768.0467545552674	-0.36627161904754624	0.10383550243304926	-3.527421839979151	4.196276312266333e-4	0.0047700959757725515
CNAG_03311	3721.1015288984836	-0.36513273215488085	0.13646267176266133	-2.6756967853445457	0.007457407933966288	0.04181296297390267
CNAG_04546	188.37707647895874	-0.36460888440470557	0.09151115607282159	-3.984310766597263	6.767626100388373e-5	0.0012226844488034993
CNAG_05150	291.4223059086754	-0.3640306451219205	0.12694442366628803	-2.8676379364160622	0.004135484910528291	0.02686280946196469
CNAG_00311	542.0513056552523	-0.36367682472426033	0.12767100010542556	-2.848546846378196	0.0043919386933587165	0.028124182086488946
CNAG_00603	1515.6550965652202	-0.36222027797207557	0.09780670703735138	-3.7034298459076775	2.127040219835797e-4	0.002882139497877505
CNAG_01563	408.305685096057	-0.3620700739415188	0.10075269802561879	-3.593651396307559	3.260760384417266e-4	0.003980477766563419
CNAG_01761	23102.43871429289	-0.36186979407021047	0.107680330971082	-3.360593256045917	7.77752695643125e-4	0.007545052822672924
CNAG_07536	695.8984466548912	-0.3604061966997846	0.13665973928147046	-2.6372521899626635	0.008358066863047617	0.04540542034594482
CNAG_03768	161.73632360561254	-0.3594966085973984	0.11580793298322378	-3.104248554798711	0.0019076299867597406	0.015080738810148474
CNAG_03874	1283.2283423956055	-0.35885514856661405	0.11981188481077042	-2.9951548557422827	0.0027430554194753853	0.01966582059994258
CNAG_03964	1281.276190457416	-0.3588102451921261	0.08739314086201325	-4.105702594653952	4.0308782219020975e-5	8.176407171672668e-4
CNAG_00503	2091.103815135904	-0.3586018485646094	0.10486049363155667	-3.419799355747949	6.266733920906864e-4	0.006482003406739543
CNAG_04179	506.4222009957055	-0.35553147055710516	0.11791262229316106	-3.015211294963508	0.002568002884171625	0.0188089463185003
CNAG_01712	286.88446365868487	-0.35478823740976734	0.0910442594139559	-3.8968765267959653	9.744126545631642e-5	0.0016159827978750414
CNAG_06928	103.6885767857055	-0.35293846905637344	0.1269858424746098	-2.7793528961855865	0.005446731709255096	0.032977307712424735
CNAG_05259	65.17001862726275	-0.3528014511713133	0.1276848376614473	-2.7630645708048456	0.005726143727066144	0.03418028524306002
CNAG_07947	689.8805148371605	-0.35091782542373096	0.1029891264696188	-3.407328884639581	6.560202793932542e-4	0.006673479568902849
CNAG_01628	4555.309372001532	-0.34872672347715	0.12442281969660378	-2.802755349279942	0.005066808878598837	0.031093867891763695
CNAG_07985	3117.3981688393233	-0.3486857256071478	0.12831615489911605	-2.7173953730244595	0.006579795500613976	0.038238610317855914
CNAG_01822	328.04599743175356	-0.3475823817253244	0.09948706020444463	-3.493744623783707	4.7629639730418377e-4	0.00523848716190884
CNAG_06465	694.0770973272273	-0.3469165532501586	0.11855590144359057	-2.9261854452283256	0.00343146322502393	0.023248163349537127
CNAG_03706	538.2893221056406	-0.3466072439824046	0.11658832664696055	-2.9729155049283884	0.0029498564469562496	0.02058216007016333
CNAG_03863	936.6102356424964	-0.34634853639614294	0.09739180025162354	-3.556239185447948	3.7620159706869434e-4	0.0044089906602027195
CNAG_07660	1394.201136906726	-0.3450685788289269	0.11583638080175532	-2.978930940698882	0.002892559631171213	0.020392394902377698
CNAG_02218	142.85686866950985	-0.3445967047489101	0.12949575800392124	-2.661065582846933	0.007789378347667822	0.04306763290157003
CNAG_00429	489.66522074567587	-0.34445997515396803	0.12018830890601198	-2.8660023448981042	0.004156911665964315	0.026930092467676733
CNAG_02455	198.51417849971423	-0.3432779237169817	0.1189253751274394	-2.8864985571761115	0.003895545333254765	0.025604835573951868
CNAG_05677	164.69684037544198	-0.3428743795186075	0.11890645692631796	-2.883564008059498	0.003932027283402182	0.025813454307218785
CNAG_01729	1951.3416132736652	-0.34201243377632723	0.12066238872169141	-2.8344576748366976	0.004590353815708197	0.029010864833417013
CNAG_06919	3506.060497355968	-0.3391873321757965	0.10939940995278145	-3.100449374655633	0.0019322724192593094	0.01524028268517233
CNAG_02672	3192.416398884962	-0.337347347663319	0.0739937173406223	-4.559135015617285	5.136474215435839e-6	1.5910509778742468e-4
CNAG_01709	1976.8800277514604	-0.33726312909121725	0.12261004802204668	-2.7506973085156408	0.005946856585754184	0.03528016932441734
CNAG_05609	424.1633281378803	-0.33640904138361705	0.09064479687331821	-3.7112890423679783	2.0620647920552827e-4	0.002828034203679057
CNAG_01171	823.5970715875599	-0.33434701137010037	0.06636150619989646	-5.0382673708907175	4.6976491855105845e-7	2.448197940910324e-5
CNAG_02236	192.46252150216017	-0.3338658856278502	0.10023343711401635	-3.3308833383422245	8.657087528994206e-4	0.008214533334584839
CNAG_05086	1284.626904786742	-0.33315399794699574	0.10392348531920052	-3.2057623637594017	0.001347051831421902	0.011611038368808379
CNAG_03921	656.5383503587634	-0.3305260295704028	0.12251961112790201	-2.6977397865338997	0.006981198670277994	0.0399848318023002
CNAG_01332	6111.988546854565	-0.32593586184334744	0.0824728171117898	-3.9520398751694112	7.748782440589465e-5	0.0013565374944442797
CNAG_02804	206.59260602839092	-0.3256278197554871	0.12306492743313656	-2.645983925293473	0.008145368704568555	0.04453984905040513
CNAG_05731	1566.4491012953838	-0.32540405546575457	0.09143832901612013	-3.5587270564446496	3.726565509205484e-4	0.004386646369882393
CNAG_03951	3668.897059673911	-0.32493266434026546	0.10000550199572023	-3.249147875425605	0.0011575128805157559	0.010211132507153968
CNAG_06007	1702.1478469045537	-0.32493196819345144	0.08663215519663323	-3.750708584542743	1.7633554603807046e-4	0.0025151017355956365
CNAG_00874	1394.4596552820863	-0.32269004987744915	0.0890756065400327	-3.622653411093244	2.91596415601575e-4	0.0036449551950196875
CNAG_06687	116.23220575011139	-0.3221330180840424	0.11913828325238561	-2.703858149455012	0.006853954126647161	0.03951960783662512
CNAG_06491	628.4565500244945	-0.3210982789104855	0.094621701075692	-3.3934950995398516	6.900679319337486e-4	0.006967526436439862
CNAG_01631	832.462336803304	-0.3205915387909305	0.11421120295104505	-2.8070060598901785	0.005000430101436245	0.03079810357930051
CNAG_03015	3684.833697273725	-0.3203890484609412	0.10442866253850172	-3.0680183071655946	0.002154834165126893	0.016496046857327345
CNAG_02129	426.37939867303203	-0.32017650911098205	0.11641348944459737	-2.7503385616093747	0.005953371873461784	0.03528792164715974
CNAG_03807	223.36941694302445	-0.319689461928683	0.1161382164609027	-2.752663780025456	0.005911257039170051	0.03515602525202205
CNAG_01233	134.82114439592638	-0.31962837197299593	0.09996505088709208	-3.197401183079553	0.0013867191481142399	0.01187487888127155
CNAG_05603	460.58348979802093	-0.31627369659650795	0.08331342905410821	-3.7961910845261553	1.469362576444114e-4	0.0022220829141537664
CNAG_03343	147.8477254280582	-0.31566669498675703	0.10359837606581213	-3.0470235825533205	0.0023111957655808607	0.017436916828296584
CNAG_03603	1434.9536062544753	-0.3139756361667642	0.07765098492586223	-4.043421168019111	5.267687272344929e-5	9.96887744975891e-4
CNAG_01258	197.8327009511084	-0.31291886813548275	0.11562497211867055	-2.7063259986287527	0.006803222426919697	0.03932750165732163
CNAG_06605	2816.0351714046237	-0.31057493229532296	0.08752931774937212	-3.5482389247521677	3.8781625466444e-4	0.004499066995465036
CNAG_07579	546.953521471334	-0.3104696815824746	0.0980482644918712	-3.1664984912426926	0.001542861464416757	0.01284990346708845
CNAG_06689	260.100775362869	-0.3096098167933763	0.09719138943265318	-3.1855683780291484	0.0014446995888320827	0.01221952523637623
CNAG_00972	801.3979102655819	-0.30921334743631523	0.08371874118213363	-3.693478223276299	2.21207461548826e-4	0.002973572523796223
CNAG_04726	5462.9420811377195	-0.3088821708909116	0.07754272061962715	-3.9833806245473564	6.794180711859713e-5	0.0012242174022034458
CNAG_03982	499.51771010710024	-0.30802742149682755	0.10656953946296249	-2.890388970892385	0.0038476542001831975	0.025456891802969887
CNAG_02806	358.43188502905394	-0.3069226835375139	0.1176970727465045	-2.6077342144146844	0.009114369346923265	0.04848543448429517
CNAG_07889	754.7540115911156	-0.30631434812435276	0.07503010081477023	-4.082552799449958	4.454368759363586e-5	8.836693707989349e-4
CNAG_01276	419.73773534834663	-0.30625889323932265	0.11730298749184564	-2.6108362607611535	0.009032112754695069	0.048221090554026076
CNAG_03764	450.73365243300475	-0.3053676080237475	0.10126578144652247	-3.0155063602112167	0.002565505582649622	0.0188089463185003
CNAG_07837	141.56317214938514	-0.3053528851842377	0.10991365828151663	-2.7781159317084314	0.005467510696745489	0.03307355800933097
CNAG_00232	5249.452646996806	-0.30451013619227946	0.10050358986069609	-3.0298433778768348	0.002446805883227437	0.01815674683336899
CNAG_04436	395.48280392445025	-0.3032614491928364	0.10962422220405148	-2.76637264188159	0.0056683721023782115	0.03392302589797239
CNAG_03016	1423.863752192187	-0.30261427945826547	0.07519398059322593	-4.024448194800414	5.7109063446444155e-5	0.001068822941573644
CNAG_01398	976.6069532417836	-0.30232266629735843	0.09140864070991826	-3.3073751447280304	9.41746821699864e-4	0.00868920460858978
CNAG_05222	586.545550497083	-0.29947645031347353	0.11255300363173887	-2.6607592925136654	0.007796467137392792	0.04306763290157003
CNAG_00650	1348.2140502209645	-0.29746963522103353	0.10453331698914933	-2.8456921084012974	0.0044315019862827525	0.02829729119421833
CNAG_02234	5875.147157855293	-0.29713299196848997	0.0957131570851364	-3.104411149077358	0.0019065818283258255	0.015080738810148474
CNAG_05277	2291.822196285948	-0.2963559679919455	0.09148812407622652	-3.239283469677728	0.0011983041378861236	0.010477807257778448
CNAG_05140	411.2410987486791	-0.29586717780019345	0.10860615078870595	-2.724221194210309	0.0064453323548641535	0.037546970510924024
CNAG_04011	5821.316807529722	-0.2954126789252194	0.0857652892541134	-3.4444316750328112	5.722612495331564e-4	0.006039049790634166
CNAG_02740	301.4212966068553	-0.29356403374301054	0.10570245961457525	-2.777267764756263	0.00548179984435544	0.03308367523418654
CNAG_04729	671.90172604775	-0.2934298889877135	0.09879669242337848	-2.970037577070531	0.002977633236206746	0.020754593801749696
CNAG_05600	692.098308694311	-0.29336603460424254	0.08023745235759519	-3.6562231973267885	2.559585156128398e-4	0.0033477199677161957
CNAG_06079	224.70522818963667	-0.2925970644357794	0.09916477431076076	-2.9506149383131155	0.0031714202146133274	0.021857957226861947
CNAG_06127	2337.4887646340294	-0.2906358417018344	0.07896248826566275	-3.6806824111724312	2.3261058325652092e-4	0.003102237601501829
CNAG_02148	219.37256005527632	-0.28938420826278655	0.09648899193353232	-2.9991422074565	0.002707409066735678	0.019451427812443498
CNAG_03572	333.4540240023631	-0.2870057194785198	0.09586988072448006	-2.9937006003308175	0.002756162596492282	0.019718058702465905
CNAG_06656	580.8445274115929	-0.28687253327385276	0.09592506537829903	-2.9905899166449923	0.0027843914053045328	0.019824767673911323
CNAG_05757	1616.7736560242588	-0.2868014312304822	0.10489037596871446	-2.734296913150794	0.006251364552552915	0.036701035393020796
CNAG_03145	674.586418768305	-0.28648399314930595	0.1032790533287672	-2.773882834085865	0.005539162381664969	0.03332844150602146
CNAG_01812	2338.6483035102488	-0.28533822435406253	0.08563770597416391	-3.3319227915813903	8.624818073687797e-4	0.008195391647859021
CNAG_01698	720.7871160081082	-0.2827733832467404	0.08531707803177653	-3.3143819475559257	9.184595381614016e-4	0.00855923434806533
CNAG_05522	806.7467246934935	-0.2811218248867295	0.10746070147099962	-2.61604308401612	0.008895533238482592	0.047642085131003604
CNAG_00821	3653.954808211809	-0.28049917510537026	0.08349208156408232	-3.3595901533498114	7.805817828515888e-4	0.007545052822672924
CNAG_05442	2763.289762431433	-0.2792544117909044	0.09261147155488277	-3.0153328427074455	0.002566973888791057	0.0188089463185003
CNAG_05465	2705.3610617019317	-0.2784892101097756	0.08021815722669934	-3.471648062454929	5.172739906848707e-4	0.005589364093923443
CNAG_02291	248.86527989862367	-0.2762071535240802	0.08580760469644748	-3.218912292228517	0.0012867783738527401	0.011148239747892984
CNAG_03586	388.5749109510216	-0.27566267863471483	0.10218400967743584	-2.697708570106996	0.006981853287397952	0.0399848318023002
CNAG_06762	2197.505093155847	-0.275168795382446	0.09700001983078911	-2.8367911250169016	0.004556941298671974	0.028880521326943524
CNAG_02853	2513.3577139798217	-0.27403567690356234	0.094785688163241	-2.891108164258036	0.003838859709876218	0.025448409524864362
CNAG_05146	564.6774755812219	-0.2737514768091724	0.09276254821316471	-2.9510991459624654	0.003166452579356731	0.02184594320279211
CNAG_01148	2933.948658348929	-0.2733063619292475	0.09785476034845011	-2.7929797278745907	0.005222496474176272	0.03184735698698852
CNAG_06129	133.476273649266	-0.27179305117012736	0.10362649402039072	-2.6228143076677504	0.00872067884429916	0.04692819632257887
CNAG_05556	2156.961838452889	-0.26976819419489206	0.10100011889015516	-2.670969075672913	0.00756326143200258	0.042104434019570654
CNAG_06401	180.45845630234749	-0.2679326782331069	0.1002553028932591	-2.672503802800061	0.007528752115667583	0.042015894220467774
CNAG_05673	779.1076489444481	-0.26724642151468575	0.09834871335964608	-2.717335208417082	0.006580991827397785	0.038238610317855914
CNAG_06380	315.43458326744434	-0.266176219162703	0.09651840227288584	-2.7577768891174217	0.005819590335525895	0.034646506610885704
CNAG_00449	1303.1658057750026	-0.2659325885174711	0.09087110554174772	-2.9264812718196453	0.003428201459388099	0.023248163349537127
CNAG_07609	1636.1461767175465	-0.26521329587689285	0.09596163149329089	-2.763743089293299	0.005714251082104195	0.0341393748511957
CNAG_00706	681.1891123972159	-0.2638844216937454	0.07724653184246885	-3.416132936969814	6.35172311242027e-4	0.006526620521365935
CNAG_00089	380.1334807296037	-0.2620829109449372	0.09886276766914626	-2.650976875561716	0.00802593362826941	0.04406458697854559
CNAG_05555	3516.6062946119546	-0.2599574687190722	0.06367687383515905	-4.082447096759597	4.456395859510777e-5	8.836693707989349e-4
CNAG_02123	230.79717598374583	-0.25308017625274043	0.08327136881271001	-3.0392220022461296	0.0023718999740008845	0.01773688998218101
CNAG_01746	1763.3450039316797	-0.24808087683770796	0.08175303166540479	-3.0345159290611075	0.0024092203256480087	0.017956708550744042
CNAG_05783	5953.7156371207175	-0.24583054317702857	0.06793411723810319	-3.6186610376552597	2.961312043536121e-4	0.003689137763493633
CNAG_05573	2343.3374793062276	-0.24406006028341712	0.07759618852093923	-3.145258355280657	0.0016594021706589144	0.013577837809437374
CNAG_07428	1294.9873065159463	-0.2429307668608675	0.09032474901296658	-2.6895260658404214	0.007155355872415921	0.040634984103619334
CNAG_05360	870.3415780417682	-0.24124111202444	0.09037190197412881	-2.6694260799501737	0.007598099572694133	0.042218932771828414
CNAG_02185	1050.1215972748537	-0.22863774931374442	0.06699883216925369	-3.4125632031339816	6.435500182527795e-4	0.00656634243021473
CNAG_04169	471.2383104604938	-0.22738250843755975	0.08447090737399875	-2.6918440384547244	0.007105816625182156	0.04045538456773875
CNAG_06635	799.4053269164979	-0.22729194375258147	0.08367105890236903	-2.716494170556577	0.006597735707054353	0.038270256348709966
CNAG_04976	1862.0368050435584	-0.2166681219241618	0.076088363740419	-2.8475855081250123	0.004405225808425251	0.028156042313284033
CNAG_00643	994.4476823475705	-0.20717677757441572	0.07538524719777415	-2.7482403424490314	0.005991607122888358	0.035483512462909636
CNAG_04819	516.2267072770452	-0.1949166089763604	0.07488295987709782	-2.6029501143687246	0.00924254011215132	0.04907383170832695
CNAG_06742	1954.3150076135787	-0.1938766654129567	0.07315544661915416	-2.6502013776537363	0.00804438064613781	0.04409820217936048
CNAG_05068	3603.2476947716254	-0.18804243790065972	0.06116976453558235	-3.074107597574219	0.002111332697268366	0.016254862527264977
CNAG_01884	6588.9288801833145	-0.16382332505838232	0.05481746583251508	-2.9885242334790716	0.00280328268809582	0.019908008607808367
