gene	baseMean	estimate	stderror	statistic	p.value	p.adjusted
CNAG_01560	63.62713765163224	3.0211543162388343	0.5878415297430406	5.139402650846143	2.7561323479762747e-7	1.582440394706717e-5
CNAG_03609	80.61202137092268	2.7709834414742898	0.8805659378184989	3.146821064120517	0.0016505593787340812	0.013526037430748868
CNAG_04103	102.38159690816487	2.6941781198345494	0.3074030299863186	8.764318685975404	1.879095801718031e-18	1.1573521869672418e-15
CNAG_02729	45.74036508149147	1.935767530788314	0.7092927185009787	2.7291518442193663	0.006349745856018933	0.03714985161876362
CNAG_01524	177.63027771509718	1.8003507130993928	0.35976419895531175	5.004252002637494	5.607935592017878e-7	2.7732674186803743e-5
CNAG_06659	64.54497080984045	1.7702150623174409	0.2133718053495074	8.296386954301635	1.0732555333074535e-16	4.847537492105332e-14
CNAG_01571	246.79323519447527	1.757404617636977	0.48152242586435223	3.6496838428290537	2.6256326946809356e-4	0.0033883164774215885
CNAG_00321	75.3321168419859	1.7068805380730818	0.6329105648385253	2.6968747764679186	0.006999358585439186	0.04002993211487659
CNAG_00588	267.9466384975247	1.6793403503754667	0.24584217242259135	6.83096937285747	8.434274068683367e-12	1.2986865185302229e-9
CNAG_04104	141.43025380978264	1.6546618066432037	0.25376055577055046	6.5205634564394	7.004376634357188e-11	8.953707867503764e-9
CNAG_01541	3.7836987490614074	1.6374642305750025	0.612923866395682	2.6715621961405454	0.007549907962801543	0.04209928102714441
CNAG_06190	282.30236805155505	1.5756158262883633	0.20109938281460057	7.835010750584798	4.688025957194062e-15	1.3809293852169465e-12
CNAG_01621	12851.44288283577	1.566622987460801	0.3365723287688778	4.65463989030599	3.2454742887109965e-6	1.1467479231780168e-4
CNAG_01275	70.78330857830203	1.5406382692667626	0.2238200051621504	6.8833805456783	5.844861262805659e-12	9.899733763877085e-10
CNAG_06098	162.77660013864397	1.5305494699347928	0.19405218366972482	7.887308666104861	3.0877303416071157e-15	9.508805938358277e-13
CNAG_01607	122.6059605149891	1.4393905542535983	0.3938217797488561	3.6549287730391935	2.572533890111879e-4	0.0033581728526990325
CNAG_03199	38.682226729094985	1.389579237956611	0.31447768486105193	4.4186894805288945	9.930119868673543e-6	2.594145008725844e-4
CNAG_06485	48.280853107206816	1.3380805345840712	0.268582199258671	4.982014959581772	6.292556888744335e-7	3.089280646466875e-5
CNAG_04475	89.88171591659824	1.3375701205437895	0.20436369448437308	6.5450476608313055	5.947641461198094e-11	7.749090557618671e-9
CNAG_00540	24.565517154969562	1.3329371641909236	0.44333195707307615	3.0066345160207124	0.0026415715136347026	0.019202410949436814
CNAG_03346	1053.2938664115902	1.301602345855165	0.1364633150319414	9.538111730251494	1.4545655506403084e-21	1.6424469342646816e-18
CNAG_04978	171.66630082073704	1.2973993344377903	0.15887504528169494	8.166161854666502	3.1835607737286774e-16	1.1982569023339884e-13
CNAG_01525	33.49586275834206	1.2923858275753939	0.3682389710375675	3.5096389280415017	4.487155762462155e-4	0.005033192101106142
CNAG_06347	1596.8727076589053	1.2431572739458865	0.44907674723501917	2.768251265735864	0.005635798679818733	0.03375997882915289
CNAG_07594	281.5204768509353	1.2279885462080906	0.26064447872925983	4.711354532407508	2.4607571585952385e-6	9.21459359978306e-5
CNAG_00442	1110.4497421356007	1.1858847081526247	0.14380356769780522	8.246559714322888	1.6301969252492844e-16	6.496814216802295e-14
CNAG_03087	11.176810810161921	1.1802965568658945	0.4184902344747218	2.820368218023946	0.004796857151506928	0.029952725531299025
CNAG_07755	61.72673762788957	1.1497534663572795	0.30125179361926174	3.816586293293244	1.3531076560993022e-4	0.002078753825413327
CNAG_00161	165.1765619307693	1.146484733572255	0.17874114808773725	6.4142182471016085	1.4154730900202787e-10	1.7124696758727478e-8
CNAG_00765	170.5095480990508	1.1292980853662278	0.20780917361299148	5.434303335758168	5.501093122002409e-8	3.964883606549609e-6
CNAG_06470	118.26764585350895	1.1275450037845802	0.42686480237280877	2.6414569613538244	0.008255029470229328	0.04493926810658615
CNAG_05315	40.33263150278568	1.1096615594335937	0.23976364541078626	4.6281476807395645	3.68950885721308e-6	1.2561016335486743e-4
CNAG_01119	2099.0871284233135	1.0941913555315539	0.3379619911411239	3.2376166084151423	0.0012053266996246768	0.010496257570639055
CNAG_03085	10.766565996797576	1.0748670453114222	0.3864810906297611	2.781163351510817	0.005416447525063028	0.0328232844206637
CNAG_01382	91.93763311857003	1.0655582260944532	0.180798103165699	5.8936360915129935	3.777886804292686e-9	3.5061894656278017e-7
CNAG_01619	330.0647178311664	1.0509825728885094	0.2181907907150545	4.816805372235148	1.4587484761104647e-6	6.234108985290272e-5
CNAG_01562	231.00391045035246	1.0472511615091917	0.35624468371551765	2.9396962519880954	0.0032853414131792003	0.022466286129265798
CNAG_01601	686.5834685511551	1.0469970943505877	0.3674049582673862	2.8497086682989594	0.004375929082314526	0.02804817363545971
CNAG_01552	987.975667188177	1.0415428383541476	0.13439987858079744	7.749581691236434	9.219575277434127e-15	2.4024085578698545e-12
CNAG_04325	190.02957732954908	1.0406143463245507	0.2121848615054531	4.904281761391386	9.376980975298194e-7	4.3217038168466166e-5
CNAG_03525	39.329122254896	1.0397285832570735	0.2177347935327506	4.7752064168866175	1.7952301660847437e-6	7.19685465989594e-5
CNAG_03475	151.25627607488903	1.0389340098658313	0.19908575042046875	5.2185252217780755	1.803534219876075e-7	1.0813225079345493e-5
CNAG_04025	34.53982313911026	1.035347657948154	0.22330582427290047	4.636456130597216	3.544333753289091e-6	1.225145978496612e-4
CNAG_06191	856.0117213022576	1.030431130195671	0.16576914167025422	6.216061203027708	5.097892644147088e-10	5.3965972912650816e-8
CNAG_07324	808.9916737336143	1.018504697177039	0.11414026492877853	8.923272587570807	4.527087381138258e-19	3.0671017007211695e-16
CNAG_01533	56.18834349745638	1.018176304893779	0.22349873856385774	4.555624391601956	5.223019541706015e-6	1.598534228288e-4
CNAG_04657	26.820553747875184	1.0178790517333667	0.21333093267658154	4.771361747508568	1.8298456041412951e-6	7.292472922386632e-5
CNAG_06589	1621.9328408087315	1.0171668753250052	0.10799672653670586	9.418497281760583	4.575897794344041e-21	3.87521344458511e-18
CNAG_02225	64.83983766351922	1.0170373007182272	0.23358190617346025	4.354092820712599	1.3361908621194267e-5	3.24469286410721e-4
CNAG_02942	23.807277580970442	0.9729089465373256	0.29851454108254594	3.2591676874738726	0.0011173960104695164	0.009934852980224375
CNAG_04518	100.44601266939532	0.9722220203420261	0.15066342244933686	6.452939967356392	1.0970082377360229e-10	1.376339039011399e-8
CNAG_01520	57.70889836988351	0.9501468005255544	0.3358354291382156	2.829203586303321	0.0046664004059323305	0.029327330937097905
CNAG_07648	12.24833316404067	0.9449811864067972	0.3098394375513986	3.049906086438839	0.0022891293411893563	0.017328325459841216
CNAG_06541	454.4050969927209	0.9373372280060467	0.18680692584835248	5.017679209425914	5.229940860358609e-7	2.6359913389966783e-5
CNAG_03552	387.1925292895498	0.925512661428767	0.1070561440116011	8.645114859811073	5.3751201110665806e-18	3.034703229373007e-15
CNAG_04659	2152.7640511617874	0.9242547823848875	0.1600473576147382	5.77488311059611	7.700652498827983e-9	6.440977861674023e-7
CNAG_01263	874.0809357285384	0.920639018926383	0.10120439008454045	9.096828884175212	9.300772890823492e-20	7.001415148369908e-17
CNAG_06484	33.581338672070906	0.911953839936751	0.2923298130712751	3.119606003765346	0.0018109308767485593	0.0144853089610053
CNAG_02508	192.3168217191149	0.9101112605425613	0.2210844911975214	4.116576678955962	3.845414318868324e-5	7.870900909466131e-4
CNAG_03754	29.848980058430875	0.9082201885629373	0.2234592162159595	4.064366661365171	4.816306262879379e-5	9.270021287218123e-4
CNAG_01580	74.73684447895317	0.9062137768307433	0.23943902447832077	3.784737173922096	1.5387110503861139e-4	0.0023114783517441066
CNAG_05008	37.62077847667311	0.9017093694027368	0.18489564752415225	4.8768555748990785	1.0779029615812663e-6	4.836286466697403e-5
CNAG_02479	129.13502416012105	0.8985404060741694	0.11587383136616812	7.754472217585771	8.871164242969296e-15	2.4024085578698545e-12
CNAG_03551	27.813953041436942	0.8888078160036544	0.24980280842230904	3.5580377243039756	3.736356616648675e-4	0.004387143167728731
CNAG_01609	894.1197612515392	0.8872879107133954	0.12114119084203821	7.3244113298372024	2.3994965398182927e-13	5.080184080396542e-11
CNAG_02683	42.76562154092808	0.8838690122573093	0.20215559464863941	4.37222137627967	1.2298872244478822e-5	3.063413950600883e-4
CNAG_02143	275.8821483944523	0.881102905434796	0.13459445769583855	6.546353546190916	5.895891137067481e-11	7.749090557618671e-9
CNAG_07786	25.613903329484266	0.8758484117822763	0.2450433098466629	3.5742596373283684	3.512202851415356e-4	0.004219002538712596
CNAG_02043	652.8868168234316	0.8712655453202254	0.14521440640454072	5.999856122353585	1.9749244123881904e-9	1.9391467962217378e-7
CNAG_00450	3100.5496949995163	0.8685560641770492	0.22290139537961107	3.89659321197994	9.755527148795452e-5	0.0016159827978750414
CNAG_02090	117.5002792062731	0.8636809889059306	0.12413121769315046	6.957806464453852	3.456115428105482e-12	6.003892827029396e-10
CNAG_05820	195.95187934696818	0.8624674227932342	0.19391135757908098	4.447740625205527	8.677822450069632e-6	2.3802529189968324e-4
CNAG_02986	76.26777753041723	0.8617329641539269	0.28744791792613494	2.997875129418628	0.0027186904157866214	0.019511787676858433
CNAG_03842	55.605031633433896	0.857365798824564	0.2103545989182726	4.075812001417994	4.585405469567723e-5	8.927476692541622e-4
CNAG_04495	81.00098697795288	0.8570852249371709	0.1828650588335225	4.686981922103817	2.7726344767527184e-6	1.0099246548386917e-4
CNAG_07491	438.844065547723	0.8553296392593535	0.19324248661482007	4.426198680439444	9.590819449235084e-6	2.536089228477352e-4
CNAG_05290	457.1709528244442	0.8519184852253104	0.15550523753003795	5.478390945261576	4.2921099065984905e-8	3.1267789910972872e-6
CNAG_02541	455.4161829118218	0.8517244239049585	0.08695286678735352	9.795242588009	1.1801379142736646e-22	1.5990868738408156e-19
CNAG_00559	330.29575999339914	0.8482458106310251	0.11817638992739463	7.177794237513699	7.084507315974795e-13	1.411692266639095e-10
CNAG_04747	139.9655255784443	0.8437625292970893	0.10590586037288781	7.967099519575735	1.624418458215366e-15	5.502717527204552e-13
CNAG_06835	92.28708767301568	0.8432015608141066	0.18728214243933083	4.5023062521150825	6.72200248519549e-6	1.9629985705689416e-4
CNAG_00872	1536.841784961958	0.8412712820750183	0.2542034767809752	3.3094405030497196	9.34826320033008e-4	0.008664087986626032
CNAG_03434	54.982203495490225	0.8396798419841708	0.1953986068669117	4.297266267389954	1.729174372656629e-5	4.0258269329033195e-4
CNAG_05386	694.2250488162665	0.8323251502576293	0.11882954087715157	7.00436224960344	2.481133968998563e-12	4.423600694727701e-10
CNAG_00032	21.979382228614142	0.8272400466073409	0.25217836382374204	3.28037677009251	0.0010366854150908353	0.009377227886836327
CNAG_03250	444.80515235953897	0.811827292324651	0.10840577801420034	7.488782491080021	6.951543192324927e-14	1.6820251831429063e-11
CNAG_02332	31.93149941465235	0.8105754575895778	0.2157130378740509	3.7576563084835475	1.715122310128053e-4	0.002477602057807582
CNAG_02386	415.5146680036538	0.8105691197874335	0.1283713904682475	6.314250525999613	2.714738606102027e-10	3.065392342723539e-8
CNAG_02070	1235.5807464460925	0.808910255606713	0.2555300520145592	3.1656169175773665	0.001547544548159096	0.01284990346708845
CNAG_07417	16.716421539654764	0.801792599717532	0.25721859174339495	3.117164254275259	0.0018259980432684968	0.01455427852134596
CNAG_04907	93.97827847788	0.8002967120426925	0.1652622608916965	4.8425860067784114	1.2816013207188225e-6	5.6750646718104725e-5
CNAG_06334	2917.2193355793206	0.796378062959091	0.09906099100042974	8.039270099323316	9.037517448556493e-16	3.2225884586300124e-13
CNAG_06344	59.28245937259302	0.794822729385714	0.2035478400522897	3.904844822630055	9.428586573386368e-5	0.0015772512107331516
CNAG_06578	758.4291002820449	0.7936293222925447	0.21636839024600837	3.6679540915851767	2.444990696539033e-4	0.0032274779518285408
CNAG_04178	494.524294777523	0.7927083266016846	0.11612282516538157	6.826464353349251	8.703290799373517e-12	1.310328781461235e-9
CNAG_01464	744.4510924709938	0.7861603199706906	0.23771881892336963	3.307101741171426	9.426664778322491e-4	0.00868920460858978
CNAG_06186	468.92617597189894	0.7836989694614579	0.12318638199777097	6.3618961507907485	1.9927816584551683e-10	2.288321311192164e-8
CNAG_01365	315.49188261725925	0.7789207133035572	0.15848040382754264	4.914933925529201	8.881240766180042e-7	4.1212606980047805e-5
CNAG_05183	257.6400317699302	0.7755422111540101	0.13712053870656496	5.65591572546002	1.5501752129813628e-8	1.2212136125521781e-6
CNAG_06699	2807.4961822293144	0.7753639313919175	0.17118868599699247	4.5292942514059575	5.9181032146879374e-6	1.7663061356612677e-4
CNAG_00773	70.26514856277106	0.7751921099555678	0.2013016661804718	3.8508976337065652	1.1768568534732366e-4	0.001871644408986192
CNAG_03782	197.38329388287718	0.7724529926483522	0.2418215152662561	3.1943104475126938	0.0014016529840646325	0.011959948321206405
CNAG_04776	192.73048978655777	0.7678855683633057	0.143727397016388	5.342652718296639	9.159614412539358e-8	6.33228445356675e-6
CNAG_06694	42.05362861148404	0.7678283195393661	0.2115206296344526	3.630039873020035	2.8337744131145284e-4	0.003602030328114621
CNAG_05821	13.651556237168679	0.7645544158355219	0.25873290732244186	2.954994877720397	0.003126742421745692	0.02161599990543578
CNAG_01611	183.907176559727	0.7641170510573867	0.27846018664528543	2.7440800793211846	0.006068073338396562	0.03577997986739487
CNAG_02801	554.5049504426083	0.7576608598516884	0.12839170017750404	5.901166966433246	3.609393984618255e-9	3.396339478581761e-7
CNAG_02993	14.374303721946092	0.7573907238587058	0.27001432452020346	2.805002013150732	0.00503162654987143	0.030905956369337205
CNAG_00012	27.768639739013476	0.7561218260581686	0.20841120138700694	3.628028728907408	2.85593487848034e-4	0.003616627813402673
CNAG_03436	1651.1049716522439	0.7548090659549279	0.16779735186183867	4.4983371762411615	6.8487018872010695e-6	1.98290407204219e-4
CNAG_00315	25.172255198670037	0.7539510722603415	0.22303503134710212	3.3804154787101233	7.237633160761858e-4	0.0071898775167392355
CNAG_00027	119.36334395203666	0.7537363124562745	0.1100723159758154	6.847646529231583	7.507478084407726e-12	1.2110277148062461e-9
CNAG_06751	692.8887475696608	0.7530501837375077	0.09667604897490399	7.789418286353334	6.731840157533585e-15	1.900342377803752e-12
CNAG_02039	61.41985567878963	0.7519165233636886	0.18699927968719135	4.020959463702104	5.7961579417810914e-5	0.0010817898086933027
CNAG_01485	33.465158348477914	0.7475549166369557	0.21040134306432112	3.5529949844874475	3.808717265670894e-4	0.004433687195003489
CNAG_01744	114.79208349359317	0.7474177598075439	0.23634352354124308	3.162421159711262	0.0015646309645697127	0.012927286323121711
CNAG_02184	37.63363339498638	0.7436663202726651	0.20004891571778174	3.7174223994384934	2.0126577921803838e-4	0.0027828074575555308
CNAG_05483	100.16242953016041	0.743042187556262	0.15059052464726214	4.93418951356161	8.048426441324855e-7	3.760557871722475e-5
CNAG_05739	66.79117102466286	0.7423754478284311	0.15213906898412924	4.879584532661192	1.0630955091473388e-6	4.8016480496488134e-5
CNAG_00454	54.3032282904062	0.7413384729094736	0.24156707027167512	3.068872226979188	0.0021486846820926303	0.016467577738888656
CNAG_06099	112.57069588100698	0.7398919758132451	0.14748135539796978	5.016850935609386	5.252528867373455e-7	2.6359913389966783e-5
CNAG_06156	568.4675366667086	0.7370002796410611	0.1171089712432816	6.293286259940072	3.1081438509767227e-10	3.3963991274785964e-8
CNAG_06924	22.161134777360022	0.7332334359156744	0.24062217050267898	3.0472397218589253	0.002309534422859494	0.017436916828296584
CNAG_07830	30.271268997007752	0.7315070151439446	0.22039764189378883	3.3190328574225987	9.032980003539954e-4	0.008476238161216508
CNAG_05738	20.058108762699185	0.7291438933129172	0.21612031024824507	3.3737870007469044	7.41417129045266e-4	0.007301018966979181
CNAG_00167	26.40116109740761	0.7287140509479669	0.2009947452520386	3.6255378220668977	2.8836068636253e-4	0.0036313078998255403
CNAG_04676	121.4164487212074	0.7278229308450788	0.19513629144288996	3.729818402632136	1.9161782449337626e-4	0.0026767232184384004
CNAG_01056	69.67231893372758	0.7277661626310999	0.18746323879018403	3.882180673543379	1.0352391301763886e-4	0.0016859964199387098
CNAG_01010	48.987812394728635	0.7272943973750172	0.18400765132350275	3.952522583402607	7.733162819022125e-5	0.0013565374944442797
CNAG_00460	140.3417418754077	0.7260540903256392	0.22787343235456264	3.186216501079098	0.0014414668359506411	0.012207422266956992
CNAG_06323	284.31444998991907	0.7254942557614468	0.11649415426118849	6.227730999573035	4.732386890186857e-10	5.0891938382565015e-8
CNAG_02722	414.477544094103	0.7243671701780321	0.15471141183442003	4.682053906619936	2.840147648928298e-6	1.0289839744111881e-4
CNAG_02903	295.10012488260924	0.7227248531945198	0.15632779914969747	4.6231371331624	3.779796617733929e-6	1.2677288160964045e-4
CNAG_02313	66.42425033134218	0.7207710308281143	0.17810459570217682	4.0468974311778805	5.190096936579659e-5	9.849553710175683e-4
CNAG_07612	121.27253047152675	0.7199004550123426	0.11430077906035009	6.298298759908186	3.009300809976644e-10	3.342297211080617e-8
CNAG_03746	310.42077037736567	0.7168572805151034	0.09605963342220593	7.462627692574443	8.481375174651584e-14	1.9814247175263616e-11
CNAG_01554	60.86713663211128	0.7157866289143425	0.20959841555174277	3.415038358138919	6.377303003902951e-4	0.006526620521365935
CNAG_02893	376.51508347030045	0.715108234164439	0.1665163530191902	4.294522557084987	1.7506968170735726e-5	4.061976347833375e-4
CNAG_01069	133.52276491660209	0.7081756194920491	0.13821938680205742	5.12356215634367	2.998167483746107e-7	1.6927153918649896e-5
CNAG_01108	23.578977544483326	0.7057541707592994	0.20560965672398498	3.432495253404949	5.98054350362057e-4	0.00628188871891928
CNAG_03816	131.83805569733508	0.7043171118409188	0.15774687307244445	4.464856248006036	8.01225288550633e-6	2.2515975685918148e-4
CNAG_00811	2114.573130037148	0.7042454179761869	0.14918199897465406	4.720713107590399	2.3501923029845417e-6	8.945254411640601e-5
CNAG_00400	105.55997525365333	0.6996411907842186	0.13423007974871543	5.212253409176077	1.865604654826846e-7	1.108725573372972e-5
CNAG_01927	143.19127178735133	0.6966331135890548	0.15444451297984796	4.510572115177391	6.465301670093491e-6	1.9044529919514522e-4
CNAG_00752	831.5069763082857	0.6944247256377504	0.1809100724812685	3.8385078072955356	1.2378427935999121e-4	0.0019457969667376809
CNAG_05569	43.41988843768123	0.6936063130445184	0.19710086898688658	3.5190423898672156	4.3310749961748097e-4	0.004906861722254905
CNAG_03916	155.06946092960328	0.6934202639217791	0.18075528202868282	3.836237902092095	1.2493339165860602e-4	0.001959314186312629
CNAG_05784	133.86953034702924	0.6934084457365898	0.12479400035687706	5.55642453766711	2.75356682488159e-8	2.0500456306123925e-6
CNAG_03531	77.17719794171688	0.6918154608909128	0.16643333592531284	4.156712097637494	3.2286043394603756e-5	6.74584308907515e-4
CNAG_02686	894.3202722350495	0.6891249774633483	0.13948386799401494	4.940535327661818	7.790837494412104e-7	3.6911135681567835e-5
CNAG_07984	177.5840864053967	0.688526433550847	0.18457450474980275	3.7303442015687316	1.9121835807409858e-4	0.002676661933785161
CNAG_04027	1533.2548136654523	0.6884080165600148	0.22602066555048642	3.0457746634952927	0.002320816966376729	0.017470594385780375
CNAG_03086	64.59834418497616	0.6852940195762053	0.16420883047958132	4.173307961421836	3.0020871292955723e-5	6.355981344055469e-4
CNAG_04757	468.6443043714652	0.6851176428592615	0.14500591342066865	4.724756575076387	2.3039116440541745e-6	8.916397847219778e-5
CNAG_01071	108.82962925036193	0.6806938889967028	0.13281248027082995	5.125225337322504	2.9718210323417753e-7	1.6919401255559268e-5
CNAG_04990	522.6179725657171	0.6799388985358226	0.13679553062053124	4.970475975724404	6.678873725519611e-7	3.2553503230500265e-5
CNAG_06568	1141.8588874153509	0.6798787917506911	0.12889480101686634	5.274679710795524	1.3298814298047186e-7	8.499949704648083e-6
CNAG_03769	192.13607342538165	0.6792357973430285	0.18104025715837596	3.751849494716668	1.7553483587337657e-4	0.0025089631076838106
CNAG_05364	30.8755580602298	0.6769722051108381	0.22541925891959874	3.003169331473566	0.0026718372436392384	0.019360104091610524
CNAG_03992	601.0848128501066	0.6744082796391545	0.17147856784450502	3.93290128391264	8.392671020937067e-5	0.0014395024346037628
CNAG_04835	31.038667656993546	0.6727222888620467	0.20356956282424232	3.3046310044044303	9.510151842497445e-4	0.008742371605552265
CNAG_00582	813.1550050531681	0.6710970669030981	0.08484161295225848	7.90999892093911	2.5739112577580465e-15	8.303927986338458e-13
CNAG_01065	27.08452915057195	0.6702304292758173	0.23686454062273302	2.829593773359811	0.004660713953934158	0.02931879019303985
CNAG_00015	563.4256656194041	0.6689737058871716	0.09133369983643064	7.324500234691417	2.39790643476456e-13	5.080184080396542e-11
CNAG_03683	41.580496742014	0.6608727592910459	0.1883563694562076	3.508629738399674	4.504214888109784e-4	0.005043976176354345
CNAG_00487	183.7403157545458	0.6608665690102726	0.20574761417952814	3.2120254305045	0.001318027077179603	0.011389336239567983
CNAG_05899	458.15482644099154	0.6606352094936913	0.13816416331678244	4.781523613898262	1.7397156244920113e-6	7.100345395140588e-5
CNAG_06880	66.7071248129932	0.6603827888262056	0.16490867016703442	4.004536499853587	6.21391966534415e-5	0.0011409025943822932
CNAG_04078	96.02070084744717	0.660037623872938	0.14726502525707033	4.481971348735086	7.395667457393983e-6	2.0964705867717253e-4
CNAG_01936	524.9430956471938	0.6574036854380371	0.08760041421037533	7.504572796416922	6.162925493898475e-14	1.5464377859689693e-11
CNAG_01384	415.58433391228914	0.65596065938288	0.15695786869712644	4.179214873570013	2.9251720830936737e-5	6.23613037675268e-4
CNAG_01995	79.56346384449574	0.6524616363466028	0.12749917452319343	5.117379299015879	3.098101961274576e-7	1.7346810568293597e-5
CNAG_07631	758.0026758187269	0.651862210037325	0.10244044331943777	6.363328670929678	1.9742759391498716e-10	2.288321311192164e-8
CNAG_00777	510.45392851583904	0.6501529451648369	0.14567088006057757	4.463163433175315	8.075840725724147e-6	2.2515975685918148e-4
CNAG_03025	30.465563253029003	0.6449488723509362	0.22897750894123628	2.8166472564624367	0.004852779109920501	0.03016291602725816
CNAG_04221	98.5380480890263	0.6429086359406093	0.14681123872819166	4.379151361367499	1.1914236188091954e-5	3.000704467446951e-4
CNAG_06298	6040.7815743180745	0.6386073138256699	0.23856738851230513	2.676842454486318	0.00743195722515545	0.04171624705917827
CNAG_06567	183.29548704185174	0.6370452455266993	0.13565563554755766	4.696047038188592	2.6524448480386813e-6	9.713683159709224e-5
CNAG_05075	10399.694321290892	0.636929481750681	0.1271164999810771	5.010596435911121	5.426159839736308e-7	2.7031053613392266e-5
CNAG_06505	576.0496074527953	0.6359210810946769	0.14706544848339576	4.324068553508507	1.531776624659825e-5	3.667062414159122e-4
CNAG_04818	785.1759645696202	0.6334898693492645	0.21580400240774425	2.9354871192441396	0.0033302443737738383	0.02267578455509322
CNAG_00018	193.42905690894474	0.6328079051737009	0.14262499675791154	4.436865343091399	9.127835301447959e-6	2.4443116271664e-4
CNAG_05057	307.7806012335576	0.6304689496602832	0.17621273963962056	3.5778851798665605	3.463855449635892e-4	0.004183176590246553
CNAG_01523	130.6042021745044	0.6287828659287951	0.2217071863295842	2.8360960072537416	0.004566871532365495	0.028916406197921705
CNAG_02533	313.9055633455781	0.6271487698203362	0.16398875172125812	3.8243401650275377	1.3112277672150464e-4	0.002046905097438235
CNAG_04108	831.8615920739982	0.6259243284567856	0.10886003606602818	5.749808203968775	8.934474419702653e-9	7.292899300419936e-7
CNAG_02825	1633.0045033682327	0.6238073791801282	0.1500123154471187	4.1583744462635694	3.20520320749518e-5	6.722988151944225e-4
CNAG_02388	94.43562223567743	0.6236045549257516	0.13685537491835265	4.556668346404308	5.197138740428446e-6	1.598534228288e-4
CNAG_00123	113.16176043908389	0.6234902491295066	0.13052970366265446	4.776615832522508	1.78269882678347e-6	7.189157471105958e-5
CNAG_04574	89.27952153027675	0.6209844374353783	0.1484272754574825	4.183762287095686	2.8672392923874917e-5	6.166840065373098e-4
CNAG_01925	1631.866551960733	0.61808076508275	0.1336909774916333	4.623204771776248	3.7785638175760663e-6	1.2677288160964045e-4
CNAG_05516	90.93001066029692	0.6178898125454719	0.21149537859767492	2.9215286718906337	0.003483182135575619	0.023497217935686043
CNAG_04141	143.52601839029774	0.6171667609644129	0.1502855644807671	4.106627027663693	4.014787139072615e-5	8.168223083248339e-4
CNAG_00931	356.856876982289	0.6156742878816438	0.20409734247593314	3.0165718005575854	0.0025565066441439977	0.0188089463185003
CNAG_02995	312.3951108426576	0.6140658621359166	0.12203070432066769	5.032060296253781	4.852365883360212e-7	2.4905135499822303e-5
CNAG_04101	636.5538835651579	0.6137729469656502	0.17176467625276381	3.5733362665466797	3.524616655988331e-4	0.0042249042267662506
CNAG_05737	42.94446994253209	0.6132891531106474	0.1992029749427281	3.0787148298712466	0.0020789557799049735	0.016023805925888732
CNAG_04316	128.1276843679158	0.6124494141387128	0.13338762191016443	4.591501110584256	4.40069300194344e-6	1.4063535418946607e-4
CNAG_00865	59.16402571723813	0.6111672881037903	0.17977373850229997	3.3996472076257747	6.747284880373801e-4	0.006822814188736195
CNAG_07801	53.83074324300047	0.6110276411502574	0.19308948053699174	3.164479180590047	0.001553607768248473	0.012883344712219589
CNAG_05035	320.7535132673806	0.6094197808952745	0.13967371453404312	4.363167278312332	1.2819284631858212e-5	3.1697318752131165e-4
CNAG_03492	902.526153311625	0.6090091842424704	0.1663671556724706	3.66063350533825	2.515924185343963e-4	0.0033033694487801064
CNAG_01603	4092.8869934258255	0.6083952984750067	0.12435461057119317	4.8924225300572965	9.960232629506136e-7	4.535123258086586e-5
CNAG_05309	1117.4515841232542	0.6076467603413875	0.22909209504253425	2.652412603885652	0.007991881442914423	0.04391321717416481
CNAG_07873	2555.487430437104	0.6075938906359751	0.11531552611278556	5.268968638635109	1.3719239889941986e-7	8.61419424684785e-6
CNAG_00070	2342.4489943896615	0.6069207379294791	0.10405685769672078	5.8325876003134915	5.4574336240427206e-009	4.929881707051924e-7
CNAG_05462	126.99283302882104	0.6067888921541905	0.13922500016878242	4.358332852710221	1.3105695821600138e-5	3.217068448961628e-4
CNAG_03676	78.02639055966982	0.6066761921968385	0.16068901310810088	3.775467783778765	1.5970766581785884e-4	0.002378064694320865
CNAG_03014	23.680325630309518	0.6062515262487729	0.2164883601567672	2.800388555808561	0.0051041128165299834	0.031237908158979796
CNAG_02126	307.2789462549837	0.6061350229421731	0.1259782178929215	4.811427190193892	1.498563270173227e-6	6.306065935045723e-5
CNAG_05090	109.50361055120081	0.6055255081686856	0.13904349178861702	4.354936001529974	1.3310580026012815e-5	3.2438553840372954e-4
CNAG_03137	66.91848592852877	0.6043889941627313	0.18197816717512844	3.3212170643585597	8.962580308024359e-4	0.00842184210636131
CNAG_01547	183.89707879480085	0.604094586251464	0.15934383635031665	3.7911387104008525	1.499581696619901e-4	0.002257703554355518
CNAG_01471	67.94756719133068	0.6016865657913051	0.15085157016232	3.9885999538743646	6.646439728143146e-5	0.001204000779630209
CNAG_06109	132.59857140003265	0.6003518396488337	0.1763330064484095	3.404648124255065	6.624935969318373e-4	0.006729226565537028
CNAG_04511	72.2049589649369	0.5992491631286743	0.14065884960032482	4.260301892354525	2.0415096558271443e-5	4.656979097046769e-4
CNAG_01014	324.1462144602323	0.5987080360994388	0.13691714245523495	4.372776303706355	1.2267640705516424e-5	3.063413950600883e-4
CNAG_04142	504.8174935622349	0.5983284727676088	0.2090942464328416	2.861525283335734	0.004216078744355817	0.02720374618381968
CNAG_06640	518.8402143795306	0.5978245078364839	0.12418716665349458	4.81389924535863	1.480134536124735e-6	6.267444676403175e-5
CNAG_05369	73.59674952446662	0.5969258293780619	0.15821188385984525	3.772951909901149	1.6132739286375423e-4	0.0023969146637103835
CNAG_01751	98.51430753952916	0.5958639750127194	0.19541172616165475	3.04927440495454	0.0022939484727543553	0.017345425114855755
CNAG_08015	28.1184964051202	0.5957401251561921	0.21499501926994463	2.770948495361139	0.005589326707698436	0.033511228712085755
CNAG_04488	79.24918438661264	0.594611836458878	0.159832472494664	3.7202192219026653	1.9904992510014194e-4	0.0027654392808739185
CNAG_06207	18292.50256517212	0.5942368432317768	0.17003694449198303	3.494751361283101	4.745035683619918e-4	0.0052272547571585275
CNAG_00440	49.09252624763064	0.5932260771183827	0.1892955618173468	3.133861520170201	0.0017252225332530559	0.013998063069208927
CNAG_07510	194.17660926474468	0.5928740009469231	0.18741018697334236	3.163510001893626	0.0015587899550074727	0.012910515825398077
CNAG_06942	104.85836779982205	0.5880228057523172	0.15294542559778548	3.8446576839682303	1.2072083883376425e-4	0.0019064887717919646
CNAG_01164	192.79588269581222	0.5857784243957981	0.19786960045220459	2.960426579207112	0.0030721333778267945	0.0213036884695768
CNAG_06873	75.69586834209099	0.5829270675561627	0.19581160583910495	2.976979148187692	0.0029110380821042807	0.02043759897021399
CNAG_07694	231.14909472886427	0.5815983350006321	0.12605934382223574	4.613686834835351	3.955883326522743e-6	1.320251701339487e-4
CNAG_01257	52.253852154415135	0.5804834470384164	0.14464381297941584	4.013192372915561	5.990305479210142e-5	0.0011088611918483253
CNAG_05398	1007.6403887330955	0.5791120093126834	0.09802726139486662	5.907662838605115	3.4699527474812942e-9	3.3111168822796853e-7
CNAG_00909	124.04439519733492	0.578891286971744	0.16780496629748393	3.449786378464437	5.610303156233733e-4	0.005957649511517796
CNAG_06680	89.32605403226331	0.57872059831375	0.17212586626233953	3.362194252848166	7.732570581674239e-4	0.007527035300408472
CNAG_04872	906.3592425646422	0.5774021723578578	0.10897632972893193	5.298418232602344	1.1681016489356724e-7	7.726684137447502e-6
CNAG_02501	111.91441021487981	0.5757612353183138	0.2154204496054835	2.6727324930049625	0.007523621975155175	0.042015894220467774
CNAG_00992	9216.16457951602	0.5757279072450532	0.13327546854376177	4.319834051500705	1.5614657705813497e-5	3.6798028174144496e-4
CNAG_06846	130.09944121890211	0.575005366043834	0.20951492529868976	2.7444601630365564	0.00606105103720254	0.035769704509623
CNAG_04066	1076.827703202778	0.5736820040205196	0.13722819796060257	4.180496520002547	2.908732632939155e-5	6.23613037675268e-4
CNAG_00896	537.900914096471	0.5719971614974394	0.11352935335294459	5.038319558812176	4.6963687508721904e-7	2.448197940910324e-5
CNAG_02088	115.40244505333354	0.5712262501911035	0.18464676369029961	3.0936163665949636	0.001977329913997509	0.015469295805234555
CNAG_00679	1426.8059920009287	0.5709732098957484	0.15833036275841228	3.6062142468969487	3.1069664532794387e-4	0.0038272177674487633
CNAG_02347	47.522984633026304	0.5708084642404371	0.15437098549482894	3.6976408643809413	2.1761246637999222e-4	0.002942763392663567
CNAG_02777	3420.254132554858	0.5707986374200148	0.12556271135373548	4.5459247515925325	5.4694575906873465e-6	1.6469144523069675e-4
CNAG_00515	122.6387301158947	0.5655716996455675	0.15513471226371142	3.6456811721425684	2.666844518712276e-4	0.003422633026323618
CNAG_06026	133.02822429356408	0.5652978481895485	0.13646793666200918	4.142349199501891	3.437663980716484e-5	7.122377207753572e-4
CNAG_04461	46.19449675302123	0.5641137872952837	0.14980340710705983	3.7656939731159063	1.6608712216100807e-4	0.0024408682269866154
CNAG_07478	305.1396609594508	0.5626863963739853	0.11755188920610937	4.786706535931551	1.6954045703555929e-6	6.961433917672207e-5
CNAG_03385	176.46386116194128	0.5624775701107455	0.1814565938986546	3.099791294577562	0.0019365704733417131	0.015252429850070144
CNAG_02794	109.48156080348181	0.5621407257789391	0.16305494044743488	3.4475540835278173	5.656871373516974e-4	0.005988328680558984
CNAG_06282	154.5284339531476	0.5614092983461395	0.1402189689114567	4.003804212115193	6.23319569951193e-5	0.0011413486720052248
CNAG_07953	1386.0789636572179	0.5607231334857515	0.16069012909970948	3.4894684360967716	4.839822110459801e-4	0.005305792038570413
CNAG_01267	65.99269193501515	0.5575121339952986	0.20117479083419967	2.771282284840441	0.005583599781661676	0.03350654430536568
CNAG_06584	121.83605140508871	0.5570220111822283	0.13293148487647208	4.190294057873849	2.7859317224935633e-5	6.011046949010793e-4
CNAG_00905	68.40905000486282	0.5563873596014761	0.14105427044454888	3.944491420557186	7.996951645122252e-5	0.0013927852800951993
CNAG_05329	118.40485098107077	0.5553442581577052	0.12510252301787808	4.439113175026393	9.033030981545328e-6	2.4381986015924143e-4
CNAG_04329	279.59108527968294	0.5547264434838407	0.1203463754968069	4.609415457622643	4.038026926262211e-6	1.3410604130111018e-4
CNAG_07356	1684.152282468399	0.5511166314996815	0.14483551569016306	3.8051207873533484	1.4173500785359227e-4	0.0021530373950853984
CNAG_01481	109.5792359286448	0.5505555625340093	0.14416269972058218	3.8189875994352387	1.340004979731468e-4	0.0020727245976439944
CNAG_03914	78.45658328100174	0.5498272193773758	0.15248982354136573	3.6056649985448033	3.1135458583137843e-4	0.003828361740485642
CNAG_03945	126.53331653925319	0.5487075358971313	0.17331575694427923	3.1659414329739217	0.0015458191414852197	0.01284990346708845
CNAG_04194	97.11155450139749	0.5461972287150823	0.14726603774149064	3.708915083828571	2.0814921483109207e-4	0.0028431671985496955
CNAG_03004	352.0342033010765	0.5443268702128103	0.16662703883246086	3.2667379437746407	0.0010879433764235805	0.009685698259224386
CNAG_02793	447.1870336192434	0.5420158627889733	0.14389849843453442	3.7666540560571553	1.6545000678928068e-4	0.0024367908608638623
CNAG_07724	2069.4040721778483	0.54186024282947	0.16682334555706219	3.24810799723547	0.0011617516635331912	0.010221905870697885
CNAG_00804	114.19903465238257	0.5385596670848843	0.17937234728633286	3.0024676335710723	0.0026780044895187713	0.019369276870663067
CNAG_07740	464.61700461618364	0.5361905250458998	0.11826654417024696	4.533746452200745	5.794658237927269e-6	1.7371154673432408e-4
CNAG_01370	118.70502856097616	0.5358856802420027	0.1534886667830696	3.4913696983203777	4.8055080201805895e-4	0.0052767126153522685
CNAG_07659	452.8506478995994	0.5354979228956911	0.1621428998989936	3.30262949058687	9.578285278129322e-4	0.008793073544624141
CNAG_02787	140.97310824061452	0.5349781356684701	0.11386030827327656	4.698548104967949	2.6201747898194093e-6	9.647654457079619e-5
CNAG_06558	1229.0770705523914	0.5334358568646634	0.14104147216967752	3.782120596578307	1.5549799105142766e-4	0.0023256046123033606
CNAG_03941	85.58930914171664	0.5332524103026333	0.1844746820391332	2.890653635546111	0.0038444156831033624	0.025456891802969887
CNAG_01553	1024.215850491672	0.5305296289518939	0.1569159708326789	3.380979170804755	7.222801786070084e-4	0.0071898775167392355
CNAG_01305	1962.3440045840514	0.5299390722084343	0.14271586312858983	3.713245749920236	2.0461801983758323e-4	0.0028176566756089967
CNAG_04494	168.93528585672198	0.5291081706389122	0.14152622561763462	3.7385874478728676	1.8505712262196925e-4	0.0026065738165568435
CNAG_04239	558.6778730366573	0.5272509911051751	0.11933777209116529	4.418140056296628	9.955390439390695e-6	2.594145008725844e-4
CNAG_04582	83.03323851636084	0.5264915861001407	0.15090320198523344	3.4889358156340533	4.849475771520482e-4	0.0053077864865995585
CNAG_01446	944.778777695126	0.5262141490547935	0.1469357914097105	3.5812523552380564	3.419511665531354e-4	0.004144399201068859
CNAG_00361	134.32242454576226	0.5249799494808006	0.18543965578245306	2.8310015312834507	0.0046402498889864885	0.029244365579426473
CNAG_03588	3738.3035276830255	0.5240392555456572	0.12345384727869908	4.244819153854557	2.187697880464045e-5	4.907832165610564e-4
CNAG_00437	105.2350587471652	0.5230796721509298	0.1266430784640107	4.130345522985514	3.622184202010427e-5	7.459057133319344e-4
CNAG_00427	351.75330563206865	0.5230656396940606	0.18367833667551628	2.847726352281279	0.004403276858925716	0.028156042313284033
CNAG_00649	2110.1941428449672	0.5229781040581847	0.11383305341234894	4.59425525698365	4.342975058207337e-6	1.401126477112129e-4
CNAG_00385	206.50924766049081	0.5229129050897224	0.15871210174896394	3.2947261067515665	9.85176517835004e-4	0.008983271747418777
CNAG_06849	556.8053477844054	0.5223305816752071	0.2004788307814259	2.6054151435304576	0.009176300050191719	0.048760339482391286
CNAG_03020	68.10673711952187	0.5221295978861757	0.1999507092048967	2.6112915526152536	0.009020095782668576	0.048221090554026076
CNAG_03856	1154.644502161954	0.5210645541957837	0.13548328364051002	3.84596933433036	1.2007678110405228e-4	0.0019007481121026968
CNAG_01155	425.4332271207893	0.519684050043395	0.131862521076929	3.9411050676045374	8.110708757545734e-5	0.0014012972651922808
CNAG_03175	115.65720765867759	0.5181851162347976	0.10954826897166983	4.730199035539346	2.2429982184605048e-6	8.733513178201103e-5
CNAG_05244	221.89579950847028	0.5174645669791841	0.1472865596157875	3.513318311793316	4.425469599601903e-4	0.0050054351481307
CNAG_06001	178.33460696362008	0.5155835601118948	0.16087595539514613	3.2048515817389247	0.0013513214144319733	0.011633040130592909
CNAG_06068	275.16151308955415	0.5136410675604303	0.08862442472184257	5.79570551992353	6.803455367868779e-9	5.909411553501408e-7
CNAG_00738	76.55596048339284	0.5136250598556734	0.16662492213547653	3.082522429856345	0.002052542615192607	0.01591072793813491
CNAG_02176	2154.025096575603	0.5123372208373705	0.136649374784571	3.7492833146516396	1.7734065043536207e-4	0.002518832089516935
CNAG_04658	515.2269794627655	0.5109394257209916	0.14960221064044743	3.4153200245748954	6.370711425460242e-4	0.006526620521365935
CNAG_03693	480.991092505174	0.5097959977059969	0.16227773928028746	3.141502956394241	0.0016808311178150832	0.013720037136382155
CNAG_00305	2067.82785904006	0.5080998108808416	0.15440925910899653	3.2906045519082316	9.997234320267777e-4	0.009091444633532106
CNAG_00451	38.64168666126619	0.5078701323837337	0.1706271589191815	2.976490586849009	0.0029156803291158686	0.020449000237846803
CNAG_08019	227.73047308069243	0.5054125937055742	0.17541606380947536	2.8812218375537033	0.0039613672073935255	0.025966375421912668
CNAG_04693	332.7021119293934	0.5040099966874284	0.15502099060948982	3.251237104767764	0.0011490398747599898	0.01017613745293978
CNAG_00028	125.6998046145416	0.5038275398918974	0.12367398471614692	4.073836070280006	4.624503845847543e-5	8.977367780979112e-4
CNAG_04782	150.12753420294612	0.5036226488478057	0.12745673743008656	3.9513222996474098	7.772057110429123e-5	0.0013571053330710646
CNAG_07866	134.3594550611637	0.5027536141579011	0.126652576092372	3.9695490582933424	7.200878044472587e-5	0.001277119077259209
CNAG_03575	59.52613004056088	0.5007862435823487	0.17826907324565647	2.8091594041792125	0.004967104595143394	0.030648573435424858
CNAG_01731	42.154971502255385	0.50073685585439065	0.1702255419664595	2.9416082338163663	0.003265127167350427	0.022389915545343263
CNAG_03976	382.44484765896476	0.49897231114536067	0.13655542948365354	3.653991005938658	2.5819531571422903e-4	0.0033639870460844263
CNAG_00528	77.97481170610199	0.49826200406546334	0.1287274497316667	3.870674087804071	1.0853481648519055e-4	0.00174661135792676
CNAG_05807	54.395747008564086	0.49762947889549164	0.14234905885136828	3.4958396136295096	4.725726566806946e-4	0.005222968595451397
CNAG_03139	82.76274490375529	0.49553922015473384	0.1275347650396024	3.8855226651404253	1.0210996542746016e-4	0.0016684261810867994
CNAG_06291	38.93017548738688	0.49282202589977286	0.18611980330277542	2.6478752779362296	0.008099940238216925	0.04432721737796419
CNAG_05496	5157.365653571664	0.4927358369765459	0.09941852693206611	4.956177205414019	7.1893651040448e-7	3.430137223936868e-5
CNAG_00399	593.1405293010412	0.49183585480466485	0.10567198162888064	4.65436388362612	3.249824372696372e-6	1.1467479231780168e-4
CNAG_00120	378.65514467812346	0.49121741680071235	0.14105487628182103	3.482456117428248	4.968366434958768e-4	0.005411685304959108
CNAG_05917	223.2488718012362	0.4907656344416026	0.1374043026831307	3.5716904409708454	3.5468449646986546e-4	0.0042380731280129424
CNAG_00100	1759.504583710983	0.4902570632461759	0.1737035308591913	2.822378225826574	0.004766892144334538	0.029848146282686224
CNAG_04951	4290.246071849451	0.4884902952889743	0.1318311041000902	3.705425200096159	2.1103640446365135e-4	0.002871027390042646
CNAG_01313	56.70033092298841	0.4877918098002747	0.16369463072459067	2.979888879928896	0.002883529638250745	0.020371129613293845
CNAG_03210	1371.4548565618768	0.487718143184146	0.1252665301556581	3.8934433849017767	9.883127580411959e-5	0.001633126569690025
CNAG_02762	2231.829725869776	0.4876154790552357	0.12418371013720336	3.926565557724904	8.616741429748596e-5	0.0014667945524257976
CNAG_02786	230.62788766852108	0.4872787571897773	0.09698923890648163	5.024049705757752	5.059313386004237e-7	2.5772066308405042e-5
CNAG_05482	71.0257141417417	0.4863663339945816	0.16054421562439297	3.0294852549062097	0.002449708614688547	0.018158398101219813
CNAG_00055	144.29289179967571	0.4850666952627769	0.1184121153525306	4.096427918871821	4.195740482303308e-5	8.485415453016391e-4
CNAG_05117	604.0936431626243	0.4841706656860773	0.10536180331002346	4.5953149099149515	4.320961983186564e-6	1.4006946141669363e-4
CNAG_03743	363.6920188934602	0.48387693200563037	0.1359347815536038	3.5596256269027133	3.7138384402644995e-4	0.004383493977838325
CNAG_05115	271.7879750548572	0.48029508798424836	0.14954674879717894	3.211671880848731	0.0013196500292340764	0.011389336239567983
CNAG_02716	911.671610480847	0.4798777123343207	0.13563275323701682	3.538066587026656	4.0306839835851444e-4	0.004620623348356913
CNAG_07699	187.90586238545498	0.4796758352785422	0.10279836932694938	4.666181364734854	3.0684888236789835e-6	1.1057984989587827e-4
CNAG_03677	5541.786037153461	0.4794717769372941	0.15808890576340898	3.032924888827157	0.002421958751325088	0.018011822766440696
CNAG_03294	48.46361177715931	0.4789019201336082	0.17240756298064241	2.777731509303791	0.005473982925667968	0.03308317067029481
CNAG_03130	494.2585156931805	0.4788294106948917	0.15520730018590298	3.0850959337696304	0.0020348650717768894	0.015826648417945014
CNAG_06709	437.68715016790713	0.4786138987862728	0.13375349464836947	3.5783281778507714	3.457990843329396e-4	0.004183176590246553
CNAG_00462	395.91889430053465	0.4776682502227508	0.10889935012675579	4.386327830852602	1.1528033379740073e-5	2.9472613640656224e-4
CNAG_05268	452.31291085167516	0.47695219642476155	0.15434412048757784	3.0901870114524277	0.0020003050441215306	0.015595013433743808
CNAG_00622	1197.010721644772	0.47557093127184524	0.10355457316773399	4.592466722850882	4.380373747437565e-6	1.4063535418946607e-4
CNAG_01871	302.2638060086043	0.47536826651446645	0.13013915398729847	3.652768993418093	2.594276018487982e-4	0.003367091958861317
CNAG_05940	146.84363265793428	0.47462256026116684	0.11229248169054976	4.226663736661453	2.3718170048024353e-5	5.217227340109254e-4
CNAG_00337	877.9383644516184	0.47461334218603807	0.07879324477696464	6.023528330753453	1.70655221260337e-9	1.7002781235864457e-7
CNAG_01902	520.1849135539264	0.47353877827434454	0.11609121983400096	4.079023193583963	4.522532523995242e-5	8.907022630833651e-4
CNAG_08026	173.20191171259398	0.4727744035546651	0.14022895035846308	3.3714464976463563	7.477456106361234e-4	0.0073419949450141105
CNAG_01889	97.31320475089048	0.4715779040834114	0.11870157589754188	3.9728023871431772	7.103197632305606e-5	0.0012631014162433195
CNAG_03032	73.54981731347651	0.47146324837388326	0.1362001580647723	3.461546998716925	5.370803345375779e-4	0.005757467193816598
CNAG_03352	49.41046748884396	0.4704814940644196	0.15710547762704827	2.9946854888235834	0.0027472795781324443	0.019675284505124006
CNAG_04637	2188.8564640402965	0.4704419212827239	0.1290599380329791	3.64514293476966	2.6724322818084045e-4	0.003422633026323618
CNAG_04310	455.85044305584256	0.4702843379592326	0.10269753781543864	4.579314635608861	4.665020053301471e-6	1.4700237609822076e-4
CNAG_04567	240.96094681644504	0.46966973491384595	0.11619924493022343	4.041934482413188	5.301204606510259e-5	0.0010004362453790252
CNAG_07968	230.08558493289763	0.46944038918473824	0.17999379408341504	2.608092082148033	0.00910484580679364	0.04848543448429517
CNAG_03415	2633.6758595571096	0.46929901438438126	0.13454186234716636	3.4881263437057317	4.864181712980995e-4	0.0053152953395881036
CNAG_05523	52.24926182153854	0.46927627570724734	0.1542084299125739	3.043129846878645	0.0023413128342793747	0.017566328297057326
CNAG_04048	345.00483029733886	0.4687831104524995	0.1308516666542455	3.5825536077517723	3.402517626416535e-4	0.004131192996231546
CNAG_01918	87.14758666371797	0.46831497453930804	0.1664265321600527	2.813944197845381	0.00489377225961663	0.03036925496185996
CNAG_05445	139.45048420776706	0.4679209768558151	0.10535322439588735	4.4414490352711145	8.935511170228448e-6	2.4215235271319097e-4
CNAG_04594	462.10147924097834	0.4667571160585188	0.10391919396247923	4.49153903394444	7.0710337813751214e-6	2.0299260113905274e-4
CNAG_02704	184.64177315575648	0.4665695586757889	0.16227349299520855	2.8752050015313673	0.004037652503879821	0.026328292313557062
CNAG_06115	280.7837583210893	0.46584599035727203	0.14939009051914326	3.118319218754187	0.0018188568689547257	0.014531551046188994
CNAG_04718	87.81205252135273	0.4655886817686882	0.13263020053239705	3.510427337814065	4.473870627913065e-4	0.005033192101106142
CNAG_05639	609.9514480559156	0.46541707277587424	0.1258984275187678	3.6967663691152457	2.183631272052288e-4	0.002947032244652241
CNAG_07310	277.0347118507366	0.46440844682309046	0.15224007268999462	3.0505006902404865	0.00228460155228964	0.017328325459841216
CNAG_03358	624.5543395233071	0.4639420988631493	0.1692684415494915	2.740865896892539	0.00612775117554887	0.03610044714290747
CNAG_06300	559.8052894319231	0.4632683525580279	0.09821601797592466	4.716830941685981	2.395465766684219e-6	9.066637189545019e-5
CNAG_06866	199.01823914015247	0.4629618330847217	0.17100266625668928	2.70733692765806	0.006782538319458732	0.03924141512752597
CNAG_00026	383.723419147208	0.4626617694219849	0.13880877943821868	3.33308722470186	8.588801142007731e-4	0.00817642687081978
CNAG_01107	482.3010033501946	0.4622511876848	0.10661171796986366	4.335838465856693	1.4520555215855094e-5	3.513455770979224e-4
CNAG_04761	212.79813599651263	0.4620538120628224	0.17714526823154184	2.608332791925801	0.00909844506064567	0.04848543448429517
CNAG_06128	63.86205273119076	0.46088880773514435	0.1514181131215298	3.0438155530655044	0.0023359831339754685	0.01754577132226585
CNAG_04399	260.32223241901517	0.4601583284775563	0.13130121391545116	3.504600717354115	4.572925586369771e-4	0.0050959130116258865
CNAG_04800	1420.9925675567972	0.46007898069953385	0.10821695661013675	4.251450004799321	2.1239092618249426e-5	4.7964950829546617e-4
CNAG_03092	108.54150418610476	0.46003705443186693	0.1491312098358424	3.0847805428404764	0.0020370239734978676	0.015826648417945014
CNAG_01021	2043.421356193311	0.45923331138611917	0.1291496586996434	3.555822880292189	3.7679787339592243e-4	0.0044089906602027195
CNAG_03859	374.72683062118017	0.4589621578973315	0.14623725783164093	3.138476231725587	0.0016982870762879266	0.013829200651262865
CNAG_04501	1289.1510344202043	0.4580952907764489	0.14446042453180533	3.1710781154155594	0.0015187429661749794	0.012716410972380254
CNAG_05791	110.22551243931933	0.4580180158126094	0.13104794994016375	3.495041441104112	4.739881547707804e-4	0.0052272547571585275
CNAG_06552	217.87668682061883	0.45746155339586964	0.13531184299595272	3.380794639014359	7.227653914098973e-4	0.0071898775167392355
CNAG_05186	93.05682527015257	0.4571189035177073	0.16827319902428114	2.7165282776358635	0.006597055938568794	0.038270256348709966
CNAG_06295	35.041670656841106	0.45662830687138267	0.16898613955917322	2.7021642607054583	0.006888971937505463	0.03960001670940831
CNAG_00414	56.620680964308846	0.4558585165782306	0.15276333946335052	2.9840832111921443	0.002844294087688247	0.020135937768116903
CNAG_06726	78.62114777772682	0.45440458882013074	0.13727040914648236	3.3102880048622274	9.32000209960641e-4	0.008649727976004579
CNAG_03373	251.03201926396758	0.4527775311125184	0.11679367271562908	3.876729968197401	1.0586974363631325e-4	0.0017159509883636894
CNAG_00583	302.54766070741437	0.4510150869696388	0.14765043236892839	3.054614061967018	0.0022535030522764774	0.017193111688258034
CNAG_00758	298.73661855230733	0.450119473618095	0.12597917360613617	3.572967346375502	3.529587885387008e-4	0.0042249042267662506
CNAG_02833	181.8335936636001	0.44964721961677795	0.15514234881114894	2.8982880758375185	0.003752057833236271	0.024995272192896493
CNAG_05023	51.14077252109483	0.4496409970588646	0.16673311840079835	2.696770751795113	0.007001545321937825	0.04002993211487659
CNAG_05122	1699.5026656940195	0.4494159242897574	0.12848288409455602	3.4978660967714044	4.6899653905337963e-4	0.0052089369706338476
CNAG_01835	145.5243952276994	0.4490633021274651	0.15595607068617684	2.8794217509563595	0.003984051503091018	0.026028880360117308
CNAG_01862	84.26623092077487	0.4474844108915056	0.14616011892065556	3.061604042169854	0.0022015446643326767	0.01681563145530314
CNAG_04056	338.789731655007	0.44722927631648335	0.12426972597068915	3.5988594392005737	3.196158722840102e-4	0.003913436101645653
CNAG_01576	290.6211291764512	0.4463444767453116	0.13623050422826516	3.2763915781844686	0.001051426735295817	0.009455039625100938
CNAG_02032	768.1859711750369	0.4458620572642804	0.13211761773891714	3.3747358217233834	7.388658134708121e-4	0.0072971077059252945
CNAG_03681	124.75858683227041	0.4449246143406691	0.12913267300109246	3.445484430860539	5.700368038382868e-4	0.00602495997816598
CNAG_02600	735.3381884702574	0.4449162063047709	0.1243974520818363	3.5765700893301067	3.4813200606693625e-4	0.004189332755068371
CNAG_07912	1282.9853431399226	0.4447323533174849	0.1682404808437676	2.643432490724243	0.008207012992780741	0.044804603566550784
CNAG_00938	273.8236041336469	0.444101909106235	0.1064994551736284	4.169992310122206	3.0460991710608236e-5	6.429072237986629e-4
CNAG_05307	152.95240747019292	0.44404073258410076	0.12271120659198717	3.6185833789454063	2.9622006543771756e-4	0.003689137763493633
CNAG_00538	805.9927424823316	0.44400032764062247	0.12242050313513092	3.6268461268332106	2.869041476114303e-4	0.0036196938548741903
CNAG_05720	513.5316514623759	0.44319938080758453	0.13309810899222732	3.3298698543753655	8.6886585354326e-4	0.008232959661196623
CNAG_05926	543.0080427539424	0.44315149675693843	0.15795746082934745	2.8055116512394824	0.005023676512588598	0.03088512556514315
CNAG_07488	417.96019703148625	0.4415779884132581	0.14678644763904622	3.0083021662811555	0.0026271178553212014	0.019117855499249346
CNAG_02826	750.6093452265659	0.43974543807378424	0.12063737104725115	3.645184193391823	2.672003563350232e-4	0.003422633026323618
CNAG_05100	95.65036182362977	0.43878470431764427	0.1498047346340929	2.929044301499564	0.003400059587814959	0.023081566841128606
CNAG_03097	48.54544930549238	0.43797959188180946	0.1488267917898735	2.942881363055832	0.0032517300433854038	0.02232063935555837
CNAG_03227	218.07953386383733	0.4374983231244747	0.1427046008168434	3.0657618648608893	0.0021711616141596615	0.016602279837394703
CNAG_04409	1754.4620634388364	0.43610340056882996	0.16233169368607295	2.6864957216068577	0.007220587291942809	0.04086840342766293
CNAG_01736	843.8454820057959	0.4356540989007134	0.10085699457559649	4.319522911959989	1.5636687468761362e-5	3.6798028174144496e-4
CNAG_01870	175.4739610037336	0.43515767602350497	0.11643432139685571	3.7373660171927305	1.859581249537151e-4	0.0026084188334604967
CNAG_00030	146.84935640080465	0.4347969962836229	0.14612255829896736	2.975563809894612	0.002924505014152481	0.020468513916201504
CNAG_07337	149.43981734852525	0.43478415108892937	0.1132113174800084	3.8404654301961147	1.228012651427326e-4	0.0019348338868418918
CNAG_03108	102.81804521384504	0.43470886442741064	0.12680143609197067	3.4282645199074153	6.074532653424036e-4	0.006351073877615408
CNAG_00584	341.420361421946	0.43380504386142665	0.15340893057616714	2.827769167232696	0.004687359169615246	0.02943175011505402
CNAG_06197	83.78940317292216	0.4337871960904212	0.1435655935537178	3.0215261564610985	0.002515039101002336	0.018581668385268077
CNAG_08022	266.1004431746297	0.43266902341267455	0.09644114762287818	4.486352911358709	7.2452694880413e-6	2.0711688093451395e-4
CNAG_06764	267.8945853636702	0.43243970481874905	0.13075599534524454	3.307226591613999	9.4224641131102e-4	0.00868920460858978
CNAG_07489	5268.728255901868	0.43141699502886555	0.12291860169149864	3.509777926953943	4.4848108847894626e-4	0.005033192101106142
CNAG_02473	15720.089057655685	0.43103208882804545	0.1197796535452257	3.5985417896145346	3.200064354703604e-4	0.003913436101645653
CNAG_07405	94.15936156546351	0.4296616694840361	0.13440029230163442	3.196880468978051	0.001389224815605022	0.01187487888127155
CNAG_02082	816.3932838541679	0.42923169904971	0.10889451797819998	3.941719996737022	8.089938548193081e-5	0.0014012972651922808
CNAG_07421	152.63012163851786	0.4290561831186845	0.14460155328621252	2.967161647769064	0.0030056289283586137	0.02090671046163204
CNAG_06244	486.62053544877784	0.42819957037167733	0.15598414052165868	2.7451481217234455	0.006048359153962354	0.035725922640013036
CNAG_02891	70.25390479047346	0.4281730188544516	0.1508869837553454	2.8377067935078455	0.004543890198234158	0.028851786403970407
CNAG_02587	802.0641200638286	0.42790595613322	0.1045261772815126	4.093768348389635	4.2441835397485945e-5	8.557840321963311e-4
CNAG_04156	785.7793939843846	0.4278033553657316	0.11206450975321035	3.8174740273066354	1.348249753760235e-4	0.0020759982003921798
CNAG_06215	324.6743601240695	0.42675792006433516	0.13425678716266387	3.1786692433454444	0.001479528156432092	0.012467416989835103
CNAG_03185	128.49459095945062	0.42605750697433725	0.13121158592131354	3.2471027918970528	0.0011658627435275715	0.010244773135407649
CNAG_07547	1613.5510963542622	0.42600458664616014	0.11157198797023138	3.8182037839087606	1.3442686538367394e-4	0.002074583173062394
CNAG_06208	10995.99755444822	0.4252449354328195	0.159522599391334	2.665734742634345	0.007682027933039829	0.04257792010817518
CNAG_06639	1575.9733983359715	0.4237764889603211	0.13691429068455233	3.095195445570348	0.001966832461467099	0.015422789266712493
CNAG_06539	403.8720980203867	0.4225994234554806	0.10963971600429429	3.854437414257153	1.1599605062951254e-4	0.0018499476224600484
CNAG_03079	142.88602180292173	0.42246948532729683	0.12502617153418602	3.3790484035718924	7.273720040458764e-4	0.007204598431887153
CNAG_06828	159.089310626035	0.42232266249062816	0.10394871923210405	4.062798133641611	4.8487959323253606e-5	9.306116838953065e-4
CNAG_06545	109.03443187537016	0.42058661168689737	0.14685870872125223	2.863886080363128	0.004184784851181741	0.02705335626598883
CNAG_07582	162.50765349100098	0.41935674080657365	0.15100781050556777	2.777053315339021	0.00548541802827807	0.03308367523418654
CNAG_01568	764.9443662818488	0.4184606417378605	0.13537809599470893	3.091051315673811	0.001994491616660569	0.01556760449640018
CNAG_05135	450.4398705165413	0.41746140759638484	0.12525252542160467	3.3329580077622722	8.592791043577394e-4	0.00817642687081978
CNAG_01445	196.5942270212492	0.4172685183368975	0.1379154060196505	3.02553957081085	0.0024818992591556705	0.018372500165227627
CNAG_06998	421.52530688434956	0.4167752496342204	0.10904995930162874	3.8218744170406636	1.3244113587886097e-4	0.002058001595365328
CNAG_03248	537.8830991352893	0.4165997884482052	0.0949419665917573	4.387941427836125	1.1442858044866617e-5	2.9365667899231566e-4
CNAG_06862	116.82737827308652	0.41659079570443436	0.13220764855372727	3.151034000390211	0.0016269354985191	0.013393059541272056
CNAG_03522	83.00648221643496	0.4161445284361866	0.14173226438849923	2.9361312347025086	0.003323336934333944	0.022651516831099068
CNAG_06370	1050.8531478253808	0.4152807594410636	0.10148989091984281	4.091843588333879	4.279572768807848e-5	8.603592139072158e-4
CNAG_04302	418.17859804184866	0.4149658587020846	0.11713165713457147	3.5427301965457056	3.9600763114588277e-4	0.004570616185712702
CNAG_04080	686.40657567556	0.4139020099907716	0.11154312098784448	3.710690595037922	2.066946083043039e-4	0.0028290019621447656
CNAG_07435	387.0423091265425	0.41367705310086994	0.10799905124234109	3.8303767333345573	1.2794721673761904e-4	0.0020019454812872264
CNAG_05180	1457.1614946496952	0.4136662441061048	0.14320764538868533	2.888576535026168	0.003869898401626616	0.025547390467416508
CNAG_01860	113.20691511082993	0.41346403915372515	0.13688952669741933	3.020421277864787	0.0025242331709114186	0.018609009502638586
CNAG_07352	237.27684079155608	0.4124229129894126	0.130251843600565	3.166349907907358	0.0015436498511994033	0.01284990346708845
CNAG_03612	1887.2267410097843	0.4112213226379292	0.12238149650169103	3.360159291991066	7.789754501232068e-4	0.007545052822672924
CNAG_04005	141.75742213626197	0.41119685708898374	0.1292026579038438	3.1825727408410422	0.0014597284381087166	0.012315890620406668
CNAG_00594	1158.949978365555	0.41023926170109837	0.11164833153959931	3.6743877498571944	2.3842043081523704e-4	0.0031610536570904715
CNAG_04117	295.709717783819	0.4098402190089972	0.09667032520903297	4.2395659487313	2.239523946291375e-5	4.991044321093443e-4
CNAG_01530	2950.7311778378944	0.40963990783303467	0.09593950271589914	4.269773099054733	1.9567192611371813e-5	4.493821353967594e-4
CNAG_05280	546.5315318652679	0.40947137076297746	0.14532597564090252	2.817606205340556	0.004838311025195245	0.03010060348548924
CNAG_04498	165.47107485527204	0.40922044276821234	0.10407034137411274	3.932152401587154	8.418866251358749e-5	0.0014403489609332203
CNAG_04612	172.1569625523734	0.408781656146926	0.15128558574911308	2.70205290294368	0.006891279660574525	0.03960001670940831
CNAG_00510	153.45639312582614	0.40769683697711273	0.12183746967117348	3.3462352597886644	8.191686158595004e-4	0.007849883129346697
CNAG_02812	941.3251451509462	0.4075456496610901	0.12116798118231405	3.363476437293125	7.696740630542707e-4	0.007513748958490899
CNAG_02795	1300.1848380509653	0.40734520260440227	0.0852324841824796	4.779224805090641	1.7597235066639277e-6	7.138998058471922e-5
CNAG_01426	167.13691735299824	0.4049091448751271	0.10602213312969508	3.819100153170929	1.3393937751582865e-4	0.0020727245976439944
CNAG_03033	131.28933196004672	0.4042939786367483	0.126775782510298	3.1890473924221885	0.0014274247368552897	0.012134005761850173
CNAG_01697	96.96996938865392	0.4036413080373776	0.15402254899331513	2.6206637318727686	0.008775877739147397	0.047112972807229495
CNAG_00744	298.7532457518741	0.4026607155372453	0.08674659113075459	4.641804482326091	3.4537959853122176e-6	1.19997270771745e-4
CNAG_03665	203.2654995835481	0.4020982536065019	0.09788326548300856	4.107936649051637	3.992095619327587e-5	8.146520427995301e-4
CNAG_01317	243.00042129157274	0.4020046506292233	0.14255804509572262	2.8199366114994886	0.004803313689309559	0.029965423798409083
CNAG_05294	561.3378085867433	0.40137453014476465	0.07617949714298236	5.268799942213049	1.3731852083536056e-7	8.61419424684785e-6
CNAG_05045	1435.1020979495886	0.40130008926112076	0.12329812749032472	3.2547135745643097	0.0011350677839840092	0.010065555283366051
CNAG_07601	962.0968227790972	0.40103761536277777	0.09424534933146272	4.255250982754816	2.0881464856956248e-5	4.731502488490922e-4
CNAG_02387	158.48021967203582	0.400261730725605	0.14945101582088077	2.6782135171655477	0.007401601884541795	0.041588026252608906
CNAG_03328	435.7365477347327	0.40022737783886336	0.12367150620458488	3.23621333742619	0.0012112681980702114	0.010534457049968783
CNAG_05623	948.4244529381454	0.4002088066341358	0.11522716112070883	3.4732158871369574	5.142615149172948e-4	0.005574573967603096
CNAG_03689	518.992087875211	0.4000484438050565	0.08782579208188837	4.555022326835984	5.23800145653042e-6	1.598534228288e-4
CNAG_05018	188.8035199840993	0.3998550295053801	0.11695685706019475	3.4188250227995165	6.289215568656406e-4	0.006489670054760131
CNAG_00013	110.63306723668211	0.39912328103513517	0.1456810390481136	2.7397064411609393	0.00614940822140007	0.03619656012162074
CNAG_04311	482.8723224165939	0.3982216573056453	0.08956037599243702	4.446404482929743	8.73194657479077e-6	2.3854410501696562e-4
CNAG_07797	773.729199565845	0.3975968082737061	0.13233683851927036	3.004430306197844	0.0026607871069865958	0.01932136404055111
CNAG_04604	697.6727742791736	0.39694345391714464	0.10589064630805985	3.7486167830381008	1.7781253694183527e-4	0.0025202509158596944
CNAG_02109	275.05600188727396	0.3964720281271637	0.12576773785096335	3.152414402149691	0.0016192628911453754	0.013346114461690897
CNAG_02413	84.73894691135162	0.3964450137294039	0.11812259179093534	3.3562166874146326	7.901663267622706e-4	0.007610349841179671
CNAG_06617	59.138450981637625	0.39481620707719756	0.1421809157697156	2.7768579555125714	0.005488716009332203	0.03308367523418654
CNAG_05478	482.16966049960183	0.3932693134078077	0.08638405533579015	4.552568316908718	5.299494351099273e-6	1.6086551906635243e-4
CNAG_05628	118.9200168365606	0.3931163044635627	0.1346648418827978	2.919220035216777	0.0035090843789475057	0.023608785171171154
CNAG_04620	101.6658503717498	0.3923004501515991	0.1296740222162153	3.025281729115234	0.0024840162585016245	0.018372500165227627
CNAG_01544	1166.3676344908629	0.39080458266006785	0.1263923980444515	3.0919943660110327	0.0019881662254269336	0.01553613169235003
CNAG_06135	65.26367959974682	0.3907451603842787	0.1380448360748816	2.830567020792587	0.004646557512497101	0.02925690255312998
CNAG_02319	186.5473793763944	0.39059997289143394	0.1347219825160873	2.8993039264753393	0.003739921770095212	0.02496351723388676
CNAG_04158	166.43365703010863	0.38953188538162187	0.12984342567700907	3.0000123868465907	0.002699686272047371	0.019451427812443498
CNAG_01044	209.7513211541464	0.3895211744807564	0.13015081891376323	2.992844591618357	0.0027639045111411604	0.01975258761917865
CNAG_02540	534.6437967611845	0.3889382216734171	0.1281715627744209	3.034512595886341	0.0024092469479891267	0.017956708550744042
CNAG_02670	119.53132147102959	0.38842700906062255	0.11769429811574227	3.3003043926447297	9.658001366718435e-4	0.008854257003994236
CNAG_04838	91.53461492190395	0.3883654507164408	0.13040269120756012	2.978201194469867	0.002899455880958483	0.02039305416021893
CNAG_04008	268.2039650231392	0.3882537654750652	0.10929432784151047	3.552368847888231	3.817792852916287e-4	0.004436628915696028
CNAG_08009	393.2748368957745	0.3882062936594675	0.10294953243934472	3.7708407649951097	1.6269846882161474e-4	0.002401486113870239
CNAG_05717	257.38944154138784	0.3877883763622221	0.10897452574413856	3.5585231843331067	3.7294587587487205e-4	0.004386646369882393
CNAG_03360	310.3369212366544	0.38667537206369684	0.12134662181125111	3.1865359438283494	0.001439875951627096	0.012207422266956992
CNAG_03331	326.2577517879003	0.3861392447732423	0.12318000859879316	3.1347557868008256	0.00171997232601901	0.013972197252732365
CNAG_06713	1016.3986455645176	0.38543596281773906	0.14082229763382673	2.737037878901601	0.006199515418823754	0.03642820204902943
CNAG_05909	972.3669709702542	0.38425002922099655	0.09237971157504132	4.159463400238752	3.189961292592914e-5	6.711797440160557e-4
CNAG_05592	203.23158877397387	0.38296429981820307	0.14043338572925299	2.727017495373464	0.0063909650399072565	0.037326541504630745
CNAG_05624	483.1017728793493	0.38253434651549817	0.12978050453640777	2.9475486158877158	0.003203043831594143	0.022031088283299815
CNAG_00883	535.3119701554464	0.38234577215772086	0.08776065612641142	4.356687712167806	1.3204545383706328e-5	3.2296315875310604e-4
CNAG_06671	167.21987316139422	0.38162494321418733	0.12249015244045336	3.1155561129675973	0.0018359841371448444	0.014599521747836058
CNAG_05781	110.90382489696583	0.3800400450913053	0.1308082364968777	2.9053219833016906	0.0036687547645761842	0.024585374411477397
CNAG_04520	95.65288785993896	0.378714929159887	0.12664164551010984	2.9904454228656885	0.0027857090517437017	0.019824767673911323
CNAG_06620	310.48610451348253	0.3781054257488792	0.10598911982709439	3.5673984873702356	3.605429819028439e-4	0.004277896151299068
CNAG_05640	448.6942610882718	0.3758268153245865	0.11494263631722441	3.2696902330251145	0.0010766531586737082	0.009623120250678591
CNAG_00469	93.55434897132035	0.3746596847971004	0.12944708306924832	2.8943076654471573	0.003799956278852401	0.025239905675710803
CNAG_02306	66.87595971952842	0.3742671775910513	0.1321856961323366	2.831374260164707	0.004634845304712951	0.029237501805800974
CNAG_02062	220.56565513415907	0.3739060192206797	0.13619130668594512	2.7454470356386307	0.006042852071981725	0.035724539954342216
CNAG_00991	160.01342735222136	0.37259456457322776	0.11899295251093758	3.1312322008228146	0.001740744660305877	0.01407344280855885
CNAG_02539	961.5321072638941	0.3724018723382658	0.1284699427333832	2.8987470875667825	0.0037465697317080166	0.024983277492442727
CNAG_07449	371.8373223274008	0.3719127159182983	0.10869662873546433	3.421566245843968	6.226155517356481e-4	0.006459755532938769
CNAG_06569	282.7905383460406	0.3706174991885119	0.10506652625891469	3.527455531128933	4.1957423248013733e-4	0.0047700959757725515
CNAG_06093	203.08603837870504	0.37032875681001554	0.08687616427313546	4.26271992909028	2.0195357287744016e-5	4.622417081907625e-4
CNAG_05459	2234.1155380066757	0.3692858329778061	0.13666022930588617	2.7022187424494564	0.006887843137794416	0.03960001670940831
CNAG_04653	521.9939296493828	0.36892792051722456	0.10330901825055994	3.571110506756025	3.554708669994954e-4	0.0042399914153548966
CNAG_00348	752.7209195901813	0.3678980941363437	0.11076481230133514	3.321434727262289	8.955592698868799e-4	0.00842184210636131
CNAG_03304	314.473594443097	0.36616094724516984	0.1173069414735322	3.121391987939488	0.0017999826476459127	0.01441475465461118
CNAG_05157	423.4775488474	0.36584029354330094	0.13724706782005588	2.6655599959552707	0.007686021592959151	0.04257792010817518
CNAG_05007	1044.9331043399459	0.36511538849062253	0.12201269922992053	2.9924375970291397	0.002767592414988513	0.019758101803527054
CNAG_05179	494.21942710865574	0.3638270711868073	0.10382109063661202	3.5043657214144637	4.5769632276694073e-4	0.0050959130116258865
CNAG_00609	1549.8706591432474	0.36213234986081366	0.07152350022168753	5.063123990553905	4.124414136784554e-7	2.2176909346599488e-5
CNAG_01599	296.4307450040522	0.3618303779130862	0.13470641410889408	2.6860664379395436	0.00722987111662989	0.040886791999305096
CNAG_00532	549.9839182955088	0.36069261448393375	0.13309200823265174	2.710099721791141	0.006726298164930058	0.03894929065589841
CNAG_01997	1218.7197213823483	0.3604250910350057	0.10833181797552097	3.327047378789938	8.777144889661479e-4	0.00828205524059283
CNAG_01323	1080.8412836025923	0.3600259828058497	0.07293926761893728	4.935969259888426	7.97536695831019e-7	3.752299384899412e-5
CNAG_01362	133.2845840812897	0.35858459090713407	0.10470387635063089	3.424749908077051	6.153655984707619e-4	0.006414002968676018
CNAG_07549	563.3441109397951	0.35818239372780875	0.12002548627974868	2.9842194756285116	0.002843027626663243	0.020135937768116903
CNAG_04654	249.0341569318888	0.35780341486151584	0.10398638169307085	3.4408680159448046	5.798513022731499e-4	0.006109630751011805
CNAG_02796	1614.0527335594538	0.35759448143125827	0.10317624599084575	3.4658605573126358	5.285373216298992e-4	0.005675171943748141
CNAG_05069	1363.6731533396226	0.3569799659935134	0.10443402509901267	3.418234293421755	6.302882503368511e-4	0.006489670054760131
CNAG_03376	542.1891333125001	0.3553190164609804	0.10443879815261393	3.4021745055105015	6.685193622351874e-4	0.006770132554773385
CNAG_04398	489.7990120344463	0.35484947472734374	0.11301583145637206	3.1398209450357197	0.0016905112595323151	0.013782447392697274
CNAG_01518	504.75178871262756	0.35439743577611216	0.09770952014937459	3.6270512354816895	2.86676425651434e-4	0.0036196938548741903
CNAG_04529	202.86651071593167	0.35415447446542386	0.13580157668116857	2.607881904765352	0.009110437948987101	0.04848543448429517
CNAG_06081	440.75194621060945	0.35386493927604123	0.1339724401491064	2.6413263719180047	0.008258212367926163	0.04493926810658615
CNAG_03158	118.63014158974316	0.3533131490681077	0.12032044108746301	2.9364349554809084	0.0033200843877408555	0.022651516831099068
CNAG_00136	321.884555967301	0.35329951980873264	0.1173019680016098	3.011880583315398	0.0025963471313310183	0.01893460905787691
CNAG_01565	735.1880753494933	0.35317508210273463	0.13358277401106178	2.643866956030489	0.008196486629926922	0.04478322332077008
CNAG_07340	470.49113240105254	0.3513733977728359	0.09350405803758119	3.757841158419154	1.7138561354074197e-4	0.002477602057807582
CNAG_04666	360.0380323741123	0.35043169951671604	0.10627101197624618	3.2975285828184733	9.753974638098512e-4	0.008922520221550248
CNAG_00929	830.5375128083518	0.3498079875166573	0.0982078756821178	3.5619137985320677	3.681612743282098e-4	0.0043530412453291825
CNAG_02547	554.3660580623114	0.34974785827400784	0.09582545565286034	3.649842892905337	2.624007501758171e-4	0.0033883164774215885
CNAG_06661	406.7068546420083	0.3495612306868961	0.09308540861484192	3.7552741711998094	1.731518265378226e-4	0.0024855535996306847
CNAG_06767	880.631597522698	0.3494838427156381	0.08555958464134109	4.084683722818973	4.4136892943801236e-5	8.820868722544347e-4
CNAG_03483	319.0516539344012	0.34915449733637777	0.12996646303806975	2.686496879076439	0.007220562274608231	0.04086840342766293
CNAG_04347	4256.160888220598	0.3490086551154552	0.08531103172535565	4.091014351333005	4.294905499105856e-5	8.608871229716619e-4
CNAG_00555	236.73854931207796	0.3486094741911514	0.11344812047936144	3.072853677241578	0.002120224215147601	0.016286302786422898
CNAG_05550	1207.669960641743	0.3481224259497275	0.09693979588751865	3.591119857046754	3.292601629806917e-4	0.00400491490878669
CNAG_04639	147.6622728568243	0.3480104130067914	0.11944828252419624	2.9134819325367536	0.0035742251934847203	0.02398847542301141
CNAG_06123	1538.6971273400636	0.3474330840896309	0.09965162218827596	3.4864769530114734	4.894275532969759e-4	0.005339567912378441
CNAG_07420	162.89629711106207	0.34675836405222804	0.12904272037260406	2.687159438757812	0.007206254592230425	0.04086728872899952
CNAG_03476	1630.5272215921711	0.3464479082105516	0.09231400110835869	3.7529291770583004	1.747802464083968e-4	0.0025034591319595947
CNAG_05877	165.89160974919068	0.3451612028519661	0.12156891303476876	2.8392225794866643	0.004522359972068322	0.028769003578181105
CNAG_04823	123.08049956992448	0.34450654355897514	0.11281506908967721	3.0537280731984953	0.0022601684707516017	0.01722456849194837
CNAG_04110	272.47239879853265	0.3444974521203275	0.10776544258359336	3.1967339794767864	0.0013899304727451425	0.01187487888127155
CNAG_02700	294.4108426060214	0.34390568372632496	0.11936639260884871	2.8810930464596365	0.003962986300554642	0.025966375421912668
CNAG_07810	385.5152917971627	0.3423723142636725	0.11853546531181383	2.8883534000819413	0.003872645019931624	0.025547390467416508
CNAG_00158	97.51622224834799	0.3423126548405449	0.1252766311445845	2.732454183298355	0.006286441424195759	0.03684311474820611
CNAG_02421	595.8186020588566	0.3422897342908318	0.12696390534699506	2.6959609769040003	0.007018588852256992	0.04008352443069906
CNAG_06373	474.7987972043294	0.341277031270392	0.11903520027962813	2.867026144104356	0.004143487819606741	0.026889013388731484
CNAG_06993	170.49337213431983	0.34003991936504213	0.1268948564404997	2.679698207661277	0.00736885628567117	0.04147299005492207
CNAG_05633	475.30029674528043	0.3391464991052643	0.09909500462341463	3.4224378957759205	6.206227375782499e-4	0.006448955593700373
CNAG_06769	93.86466951682795	0.3374897490494093	0.12226875497445408	2.7602288836581503	0.005776087813639682	0.034448058923775386
CNAG_02503	646.4069650419794	0.33699788496466965	0.09901533230295734	3.403491935305098	6.653037735664367e-4	0.006747654290288336
CNAG_04979	190.2413387042747	0.33637484209157575	0.11199339006002326	3.0035240643335688	0.002668724426979555	0.01935825266893628
CNAG_06502	284.8129009869442	0.33555061265782427	0.10596741285942737	3.1665452954197706	0.0015426131971313741	0.01284990346708845
CNAG_05788	165.13145398685745	0.33491925000738915	0.1259185054072809	2.6598096040299994	0.007818483506384265	0.04309114608879886
CNAG_05888	1987.35436150238	0.3347941156849242	0.10870498206907872	3.0798415059962263	0.0020711077763679894	0.015999720849365025
CNAG_00143	988.2977801147664	0.33439774450633103	0.08578113221387836	3.898266855146842	9.688361756276518e-5	0.0016159827978750414
CNAG_05770	100.13847948606535	0.3343702301395674	0.12758121406530198	2.6208422030568013	0.008771285063650859	0.047112972807229495
CNAG_05753	941.1613928568304	0.33434403773283944	0.11646490499615962	2.87077070765536	0.004094724219742917	0.026649141775944536
CNAG_05712	670.8832878176524	0.33354747171277377	0.11815966671945347	2.82285386353294	0.004759826215420944	0.02984361201712469
CNAG_05200	376.74359356101013	0.3317854518525828	0.09886353689724352	3.355994153814595	7.908024041609577e-4	0.007610349841179671
CNAG_01839	281.77703428122953	0.33141827026211224	0.10923150487278632	3.034090491091284	0.0024126205107756543	0.017962092264291272
CNAG_03726	362.7575853182293	0.3313888954029242	0.10600037762969804	3.126299196410403	0.0017702135068592634	0.014226804874224805
CNAG_01076	153.34648243158654	0.33048414979024376	0.11539158170201952	2.8640230501707373	0.004182975711721024	0.02705335626598883
CNAG_03582	190.93680335853912	0.3300946282454943	0.09895306837019985	3.335870566545299	8.503274336577962e-4	0.008114039947931787
CNAG_03836	639.646414423906	0.32794524278104287	0.09759510807575812	3.36026312432049	7.786827257002947e-4	0.007545052822672924
CNAG_03447	291.13102968489716	0.327846834748903	0.121706752477471	2.693744004134778	0.007065440814147049	0.04025934526143504
CNAG_03876	913.4740800827407	0.327533372951736	0.09994085027947659	3.277272226880351	0.0010481525990465768	0.009445627527874095
CNAG_06931	777.0157242964407	0.32559803694041495	0.08944713550695384	3.6401169818915236	2.725142033975747e-4	0.003479814566242881
CNAG_02745	353.8547836317542	0.32539048727012426	0.094895387261796	3.42893892589786	6.059458654315164e-4	0.006345105468776697
CNAG_00433	296.4146140226406	0.3249381437780669	0.12353349749330599	2.6303646409402	0.008529332805707461	0.04604480458858012
CNAG_05287	410.3395466773932	0.32346834340767505	0.1047476204014292	3.0880734299073547	0.0020145868538348657	0.015688305672104847
CNAG_02494	263.835138298241	0.323150734646489	0.08859083928574382	3.647676636228583	2.646223844140473e-4	0.003408396681378651
CNAG_05353	529.3051124765188	0.32296782975722804	0.1181480921177382	2.7335848084231498	0.006264898720662291	0.0367486483398156
CNAG_00443	108.84322805447482	0.3205479369014211	0.11853488409248006	2.7042498025419412	0.006845880270537889	0.039506677029722485
CNAG_03401	217.13596673356312	0.31991295485069404	0.11419287122745067	2.80151424000442	0.0050863396300163686	0.03118547601209131
CNAG_04688	306.0375400475149	0.3197342181165658	0.10614684391714645	3.012187704479808	0.00259372161866281	0.01893460905787691
CNAG_02964	327.0816749929772	0.3196407137429199	0.12117642779256192	2.637812646945681	0.008344266807902647	0.04537111366255252
CNAG_00365	143.82504239081993	0.31832328996866516	0.10688618534030628	2.9781518439935093	0.002899922794290434	0.02039305416021893
CNAG_02418	3446.204844494704	0.31797525643263125	0.07277053716870613	4.369560385344685	1.2449691115363855e-5	3.089621146761543e-4
CNAG_04974	1519.3063431934004	0.3178876563005006	0.09421026121786123	3.3742360141151226	7.402087442727854e-4	0.007299729610550395
CNAG_04264	180.38080570584603	0.3168919644326704	0.1175518437761041	2.6957634542614306	0.007022751808005872	0.04008352443069906
CNAG_04503	444.41370971515454	0.3161576238115607	0.11844522733037997	2.669230588157853	0.007602523687325559	0.042218932771828414
CNAG_08013	332.0167800033894	0.3148982354466735	0.1207607804015184	2.6076200766479487	0.009117408639556021	0.04848543448429517
CNAG_04720	199.97923301284465	0.31453517418567006	0.11434061089065846	2.7508614107935236	0.005943878427746912	0.03528016932441734
CNAG_00747	1903.8435830537783	0.31424926143599546	0.11092604264055932	2.8329619803915413	0.004611887092553971	0.029119790356060722
CNAG_06679	1061.8993141292942	0.3107900062183199	0.11173684143158222	2.78144613930778	0.005411730975965915	0.0328232844206637
CNAG_05349	1681.264902569992	0.31041092088302696	0.0705191762591589	4.4017944812948855	1.073592274135618e-5	2.776178495140768e-4
CNAG_03150	403.5489753824833	0.3082452085804817	0.09856203141192207	3.1274234526703997	0.0017634573431391527	0.014189339073358384
CNAG_01003	1258.2597865577773	0.3079360770934058	0.09737318585480668	3.162431981557734	0.0015645728125895238	0.012927286323121711
CNAG_05236	220.12773252686875	0.30748178759997	0.11660233372576971	2.6370122944804746	0.008363980013540832	0.04540542034594482
CNAG_06450	98.57961933108992	0.30685501808758003	0.11667972876491978	2.629891424463417	0.008541214214828459	0.046072234319635995
CNAG_05241	463.6533028639384	0.3063786279138374	0.10288184785644226	2.977965834569257	0.0029016832782953576	0.02039305416021893
CNAG_03917	201.68284855730175	0.3061486581404341	0.09775190655014886	3.1318944964349438	0.0017368227600113946	0.014058511587905852
CNAG_02189	1466.5408615143065	0.30605841837276737	0.09592946250321996	3.1904527596252743	0.0014205006198841808	0.012105524150585313
CNAG_04557	252.57059569661013	0.3047438910811059	0.11174345015042718	2.727174529432058	0.006387924165709659	0.037326541504630745
CNAG_04816	1052.7681235999746	0.3040901231299063	0.10690135238944626	2.844586306280699	0.004446913682347307	0.02836896440480509
CNAG_04841	287.834924987159	0.30328016986246153	0.07726835713533418	3.9250241768602843	8.672102771562355e-5	0.0014725187036926054
CNAG_00768	135.07670521897134	0.3026239794638334	0.1132923919421246	2.6711765395369955	0.007558588200223603	0.042104434019570654
CNAG_03403	142.8655899739604	0.3021902698002191	0.10853725165525403	2.784207865886116	0.005365863372436445	0.03257502181743451
CNAG_07429	612.7926891886099	0.30025026095256147	0.10645131377737474	2.820540680037872	0.004794279434800607	0.029952725531299025
CNAG_01880	163.73858425836593	0.29953366385585034	0.09545977490485738	3.137799813108598	0.0017022108969289094	0.013844512396990829
CNAG_01414	144.56977937490518	0.29921608526651866	0.11428410760214847	2.6181775536819574	0.008840079449557144	0.04738254610027662
CNAG_00514	381.2233680733183	0.2990487047770236	0.09022326800086417	3.3145408208241727	9.179377594191816e-4	0.00855923434806533
CNAG_02858	2645.218471132276	0.2990149494434258	0.10263737190216574	2.9133145549405515	0.0035761417235780847	0.02398847542301141
CNAG_05719	749.7730851762772	0.29888941140290365	0.10103203987525966	2.9583626320118928	0.0030927805289771722	0.02140305217959177
CNAG_00665	464.11177436172835	0.29860245218106174	0.1116057435431666	2.6755115167130175	0.007461530957261746	0.04181296297390267
CNAG_02937	175.7978408297247	0.29825118202477924	0.10599333136135584	2.8138674216019477	0.004894941168760307	0.03036925496185996
CNAG_03192	279.0456403904846	0.29766543938496104	0.08837502473443518	3.368207706639274	7.565857374109189e-4	0.007396635455929258
CNAG_00038	191.75137120390357	0.2969324538953512	0.10531107235892397	2.8195748770208913	0.004808731045532845	0.029971621741936547
CNAG_06415	403.30771839305527	0.29631356275249693	0.078438145372016	3.777671709946004	1.583013583174368e-4	0.0023623165255520578
CNAG_03296	210.29313480836203	0.2933238657184523	0.10027810348618436	2.925103841427002	0.003443412982056137	0.02330581713629403
CNAG_00255	289.4364083519787	0.29253541823130275	0.09745155705558332	3.0018547375743796	0.002683401893746432	0.01938171410461842
CNAG_03812	1058.2794826983861	0.2915705692537752	0.08920054729905073	3.2687082992469274	0.0010803962094186749	0.009643852857459187
CNAG_01953	603.6668323518097	0.2913639254669235	0.10439366215357344	2.7910116328546675	0.005254358381338159	0.03201283995824283
CNAG_01648	12381.697122854644	0.2910504677310606	0.09652726025252024	3.0152152559769925	0.002567969345193085	0.0188089463185003
CNAG_05033	374.7172836859075	0.29049009721279284	0.10995798416505005	2.6418281438913884	0.008245988513964056	0.04493926810658615
CNAG_03230	145.03936259117378	0.2902646093206112	0.10170222229095242	2.8540635866364306	0.004316389092778463	0.02774529042084828
CNAG_02772	602.065668327436	0.2901125635486062	0.07740956030830849	3.747761418526853	1.7841984201928034e-4	0.0025235791851370027
CNAG_01232	3357.041152128273	0.28833458525529776	0.0816777856305541	3.5301469430071974	4.153289251500407e-4	0.00474511546018807
CNAG_01237	1847.1664434067234	0.28773055462173724	0.09470778080378582	3.0380878126355126	0.0023808456558495152	0.017784155808578242
CNAG_02506	266.75252260267166	0.2856212803708215	0.09200802899899306	3.10430821612261	0.0019072453206348497	0.015080738810148474
CNAG_00436	201.3024010161659	0.2849676441249287	0.09597092320442235	2.9693123147094758	0.002984670768930099	0.02078226563155336
CNAG_03203	471.5282037472205	0.2821282898822227	0.1048245934262558	2.6914322360878056	0.007114595026447088	0.04047135290023427
CNAG_00358	527.9122734849655	0.2819638912370723	0.09944753176433244	2.8353030611685894	0.004578223239472552	0.02896121610403972
CNAG_02385	196.15590244865558	0.28139961015276166	0.09818764163895428	2.8659371531449547	0.004157767781725441	0.026930092467676733
CNAG_06425	484.72012499046355	0.2805437508918211	0.10172616410106333	2.757832789341249	0.005818595289945277	0.034646506610885704
CNAG_03448	719.8882142303344	0.2804587826522558	0.10651772607695581	2.6329775614026243	0.008463993892930621	0.04576501087358736
CNAG_02416	1366.593187559832	0.27988282472062487	0.10640229084722065	2.6304210416155316	0.008527917696748667	0.04604480458858012
CNAG_00733	163.42301696462997	0.2790739879444646	0.10336815723850029	2.6998061627485535	0.006937988594134585	0.039834637902764244
CNAG_07975	432.36864610793725	0.2790660779227604	0.07729044642319793	3.6106154232148615	3.0547132204951605e-4	0.0037831387341483477
CNAG_01019	3378.167556223045	0.2788797297232536	0.0948689665727144	2.9396307327697104	0.003286036124722332	0.022466286129265798
CNAG_01351	703.6184814081138	0.2742633586263115	0.06869863268432926	3.992268083217227	6.54443262321383e-5	0.001188700563599831
CNAG_00533	488.6993202684047	0.2738968577225189	0.09092880896867754	3.0122120901954057	0.002593513254496102	0.01893460905787691
CNAG_01545	441.2041507447599	0.27281359684823003	0.06705694963604657	4.0683866225489425	4.733978587743994e-5	9.137522772639761e-4
CNAG_03344	149.7260224804838	0.272193487092662	0.10073279455962787	2.7021337815813253	0.0068896035027511005	0.03960001670940831
CNAG_01972	455.3643789165104	0.27134833090791355	0.08153865660314809	3.3278489272711074	8.751931281310548e-4	0.008281331624424437
CNAG_00998	316.9020063923061	0.27123435362170667	0.09608959606209368	2.822723424151283	0.004761763039189932	0.02984361201712469
CNAG_05076	329.2705794810378	0.2708402807250139	0.09402215190153275	2.8806007440529413	0.003969180804754309	0.025981835702618788
CNAG_05581	884.619692068288	0.27013346331718285	0.08097120081799625	3.336167187694027	8.49420645626008e-4	0.008114039947931787
CNAG_02897	335.9688363250329	0.27012506754479665	0.10303293454504885	2.6217351639799262	0.008748338355694064	0.0470396764760534
CNAG_00243	178.06158489940813	0.26947885606255156	0.10369551238286637	2.5987513815214784	0.009356351049894926	0.04963921563276282
CNAG_06765	603.7047895878645	0.26890668026885944	0.08729776054011301	3.0803388151669453	0.0020676523600654845	0.015991261118086367
CNAG_05004	446.0861065661731	0.26767574135898825	0.0769878605312879	3.476856474667259	5.073293172150394e-4	0.005508263019442136
CNAG_02776	290.7725758792827	0.2671138417305299	0.07981308850040111	3.346742329476292	8.17671764848541e-4	0.007846637686754768
CNAG_00760	296.73766966874376	0.2612133534573294	0.08484207516638687	3.0788185336704035	0.0020782322799091165	0.016023805925888732
CNAG_04260	399.4615809669535	0.2601358500427304	0.08870676904587653	2.9325366354871494	0.003362052537575246	0.02284644527790601
CNAG_03950	1272.736433433317	0.25911967897847926	0.09367674244504234	2.7661047151644698	0.0056730314896535385	0.03392302589797239
CNAG_04871	516.6291467724096	0.25845862348834553	0.0755551578025013	3.4207939074649	6.24386287460197e-4	0.006468221861686292
CNAG_03170	223.50426433927316	0.2567506762293232	0.09188548577666263	2.794246273599541	0.00520208451679267	0.031780092516925464
CNAG_02145	920.1958199521295	0.2565949633846028	0.09122732090213073	2.812698661400783	0.004912766617022679	0.03042558907880211
CNAG_06364	5534.1504479025525	0.25658454180513623	0.07525275750469607	3.409636408195731	6.504953846159263e-4	0.006627227414696091
CNAG_04521	700.5567309191473	0.25630603197378515	0.08719036684490032	2.9396141024354026	0.003286212480310318	0.022466286129265798
CNAG_02780	349.91171940363614	0.2562850460911482	0.08128109429849978	3.153070813121158	0.0016156260957553154	0.013332359072767674
CNAG_06755	1471.4577058779662	0.25504359840817964	0.08356088965515339	3.052188643044809	0.0022717927935700403	0.01729370356903036
CNAG_04667	408.7062640219709	0.2545535812981277	0.09655724966294467	2.6362969345823917	0.008381635044202938	0.045428461939579924
CNAG_03777	449.6097183481388	0.25325078322309574	0.0722610010258247	3.5046675195184296	4.571778415187687e-4	0.0050959130116258865
CNAG_01235	555.0348515346673	0.2525322441882299	0.0864538662536361	2.9210057933945643	0.003489033393845042	0.023497217935686043
CNAG_01216	1252.6478622430698	0.25202811174927314	0.08574999238834993	2.9391036049061374	0.0032916302232273553	0.022480639881416666
CNAG_02134	1378.9914704011885	0.2515618555017011	0.07284493479104229	3.453388437004073	5.535912332202745e-4	0.0058878816406081
CNAG_05895	519.7425645800442	0.24294423896485814	0.07620055811866687	3.1882212540559336	0.0014315095531536675	0.012153480228842228
CNAG_04798	4515.039946622644	0.24189547548522503	0.0900222422971236	2.6870634335771713	0.007208326203860432	0.04086728872899952
CNAG_02315	2227.240090090554	0.24144889219632862	0.0804985840518529	2.9994178784660375	0.0027049603197852492	0.019451427812443498
CNAG_05806	209.05371469251978	0.24136899469261858	0.0841146268573313	2.869524644055188	0.00411089296407674	0.026728694656065175
CNAG_06469	1116.209115734282	0.24086218869370327	0.06658971493064063	3.6171079714725254	2.979130543643184e-4	0.0037034145748958847
CNAG_05830	429.9435341734794	0.2379040577444913	0.08527819070459883	2.7897409147502206	0.0052750234895712666	0.03210986895044504
CNAG_03701	1400.776060704227	0.23557169472349124	0.07286101645840755	3.2331650884662926	0.0012242679172045016	0.010633865562898075
CNAG_03507	809.5196244464358	0.23488989565200002	0.08869792697261926	2.648200512335646	0.008092151316135977	0.04432039221246665
CNAG_05997	364.5701094922946	0.23298383791036037	0.08661611372157045	2.689844047486273	0.007148541735003209	0.04063034417336136
CNAG_03815	661.4109982006659	0.22790707167574706	0.07472251546998286	3.050045494885684	0.0022880670367125527	0.017328325459841216
CNAG_01574	3920.7500654022665	0.2254764656568846	0.06865726876731441	3.2840873181402594	0.0010231321765614228	0.009269272864015157
CNAG_01223	359.25277724786866	0.21920954011053495	0.07802320466761516	2.8095428923277943	0.004961190784103998	0.030639988662082576
CNAG_06475	864.9208086730257	0.21518552434728294	0.08090877009693029	2.659606913928941	0.007823189622025476	0.04309114608879886
CNAG_07322	546.4880514960416	0.209763872906941	0.06956857084338622	3.0152103221893762	0.0025680111209760554	0.0188089463185003
CNAG_04113	4046.2691966496145	0.15834861206616552	0.05002180455925804	3.165591754663284	0.0015476784102057824	0.01284990346708845
